100
45758
81782
47130
50153
89337
60922
71366
92723
57595
61425
7222
79627
35346
30907
96068
38976
41305
43397
68100
2778
37191
29295
849
27652
93537
56698
46928
22733
33382
11412
47152
57408
56191
51525
14868
94709
5016
23008
34017
19001
49208
92348
54045
20080
21603
20396
22521
10471
20958
53163
40368
14495
61538
83816
85354
80428
82141
41560
66374
76668
1754
38287
1794
9077
32543
44356
5081
20379
6030
6747
15467
92112
79799
59711
37848
87625
45926
46447
20644
76711
22465
5563
27157
64643
84548
75898
75358
3592
12775
88107
11228
3546
93761
75839
97611
59570
94512
55459
72461
31200
