690221230
254477355
1078858
718311904
190035600
746732363
320301003
710509870
425807516
767900893
74393273
138816397
666245
225770377
563320560
772165009
136315012
858252391
66022603
531173028
867414931
363290861
870489614
886213235
432578676
591610244
390623316
72474254
683052532
120260929
672011896
535119579
377352137
226907424
797186812
118708443
203695
958307241
455454800
559380368
327066339
58306424
599131362
125062850
827771373
198479469
285437690
628272861
733321405
245291644
900957869
850485270
502994020
796262659
591805092
833179459
625977052
603975083
512804683
653778075
247115457
696261108
970161602
592079707
25034124
660007557
326704872
732923640
190081184
665954768
912828163
860920199
44434503
106003137
446203927
636387071
316798858
479606443
653903653
156465310
422864509
490229224
711777718
116750322
646917635
6259364
489140084
779514644
250215220
54471212
870783245
584821199
523303337
735332049
785730193
645282968
441505379
643878885
496970850
782662419
