12
201798288 49279593 921682229 715144758 591329282 637943615 469732477 320143854 944481452 435733394 904371990 939257872 
1000
888 3
637 10
273 2
961 5
394 6
12 1
955 5
26 9
279 2
763 2
886 5
820 1
411 1
739 4
929 11
871 12
614 12
2 3
386 8
759 6
288 12
397 3
476 11
150 6
881 8
939 9
969 1
207 11
962 4
565 4
923 10
784 11
550 8
911 10
666 7
542 2
783 4
4 2
788 5
586 6
213 11
379 5
525 7
678 8
603 8
143 3
223 11
417 11
657 3
529 8
345 4
874 10
869 8
349 9
541 12
827 2
485 11
309 10
57 10
671 12
556 6
852 1
921 11
897 5
162 8
25 3
157 11
711 4
299 5
594 2
630 2
164 7
630 2
952 5
147 8
161 8
10 11
147 10
917 7
925 5
417 10
141 6
205 5
25 5
307 3
228 1
550 1
135 1
94 3
460 7
117 12
78 10
687 9
503 4
652 10
498 2
98 3
931 9
315 5
819 5
970 5
432 5
466 4
317 2
999 2
927 2
349 6
158 4
432 1
279 1
472 12
783 2
670 5
910 7
452 10
661 1
117 1
194 3
703 4
924 7
422 11
383 7
480 12
772 8
710 3
665 2
416 11
294 11
929 2
716 1
832 9
464 9
795 2
116 8
569 5
4 4
901 9
27 6
232 6
112 8
328 4
119 4
276 6
287 2
169 8
852 7
971 6
241 7
770 8
201 10
424 3
416 5
131 11
356 5
56 1
743 7
925 3
835 4
209 4
888 12
554 4
612 2
425 8
773 7
204 12
87 4
410 1
24 6
246 5
503 1
524 10
697 6
399 3
738 11
906 7
256 2
300 10
650 11
853 12
411 1
433 1
62 10
63 8
20 6
755 4
184 6
657 7
40 7
378 5
240 1
821 6
381 5
654 1
492 7
76 1
818 5
908 11
194 4
893 10
680 9
393 4
11 9
780 4
691 12
59 8
725 11
704 3
447 10
764 7
325 1
501 10
381 11
71 7
555 12
162 4
175 9
9 11
16 2
96 9
746 6
95 11
455 3
503 5
554 2
534 2
908 8
788 2
811 7
73 11
700 6
256 9
58 7
621 5
904 3
79 4
388 1
773 11
689 7
522 1
599 9
960 7
454 3
242 9
441 5
320 10
187 12
405 9
982 2
392 5
898 8
223 7
476 11
213 7
550 4
12 6
279 4
352 2
46 8
856 10
857 2
336 10
818 7
87 5
519 2
584 3
789 3
957 5
288 5
306 8
11 8
165 4
373 12
878 6
700 6
612 2
216 8
355 4
300 11
903 12
807 4
87 6
176 6
289 8
259 12
933 7
406 1
838 8
830 8
667 5
372 9
143 12
991 5
909 12
173 8
154 2
477 11
970 3
438 1
858 8
747 10
924 8
656 11
254 4
260 2
272 3
397 2
722 4
338 9
317 7
396 4
908 9
350 12
301 10
436 7
284 2
610 2
732 4
184 10
879 7
144 4
796 8
944 12
382 11
872 9
37 8
843 4
347 7
811 5
576 3
69 10
853 1
477 3
624 3
194 12
403 8
401 6
757 3
519 6
471 7
368 2
131 10
342 10
165 4
461 5
671 9
819 7
611 1
111 2
157 2
269 5
126 3
765 5
353 2
482 5
122 12
767 7
236 8
256 5
180 6
277 11
913 11
37 9
151 7
785 1
612 3
878 4
635 3
420 7
310 4
595 11
435 7
529 6
762 5
764 8
404 11
976 9
63 8
44 3
211 5
892 12
755 7
656 1
495 4
972 10
960 12
19 11
816 12
376 10
261 9
314 4
203 12
555 1
37 5
765 12
143 6
779 6
955 2
551 6
237 5
909 3
139 4
16 10
235 7
843 2
510 3
835 8
701 12
210 4
515 11
212 11
311 6
191 7
655 9
551 6
511 12
575 8
593 11
120 4
641 10
214 10
294 5
291 2
683 9
988 4
38 4
284 9
203 7
275 1
786 6
971 5
127 10
414 9
336 12
111 8
497 2
623 1
766 9
608 5
392 5
971 2
294 12
342 4
668 6
592 2
265 9
518 7
616 4
36 11
329 7
608 2
649 9
981 2
845 9
989 4
860 3
138 3
362 4
551 2
272 1
873 8
780 6
249 1
253 2
543 5
521 12
816 7
995 8
46 4
920 10
367 11
589 12
902 6
687 8
940 11
22 10
330 7
647 6
343 3
364 3
294 10
464 6
359 6
141 7
700 9
413 2
725 5
436 3
100 9
534 11
749 5
15 6
834 11
75 3
178 4
812 8
751 6
450 6
70 11
155 2
265 1
348 12
378 5
682 5
513 8
364 3
895 3
406 9
422 1
321 10
176 11
546 8
869 11
319 12
405 7
660 2
740 6
38 11
651 5
139 7
579 9
967 11
194 1
945 11
447 4
618 7
904 8
240 4
348 4
533 3
129 2
471 9
759 2
847 10
893 1
428 8
962 10
242 11
80 12
314 3
651 2
557 8
365 5
999 6
376 2
156 9
729 6
897 3
199 9
332 8
261 3
510 1
1000 8
238 4
11 1
654 6
349 8
564 9
482 5
584 6
691 7
205 1
292 7
649 1
82 10
659 7
725 6
164 4
311 2
637 7
986 2
222 11
396 3
348 10
519 1
285 3
13 12
19 12
720 2
941 7
262 5
543 8
749 6
890 7
650 12
819 4
379 12
869 6
759 4
604 5
731 3
770 11
357 12
237 7
820 1
819 5
741 7
441 9
35 1
89 11
440 6
738 9
479 2
822 11
949 6
897 5
162 4
813 6
341 9
119 6
410 6
63 3
554 9
729 1
585 1
334 2
288 7
962 10
181 2
131 2
441 4
45 3
980 12
603 7
513 3
485 4
793 6
219 4
928 6
516 4
568 4
183 6
393 10
4 4
98 9
679 4
502 3
190 4
604 4
932 6
658 9
56 8
215 5
690 12
96 12
451 1
386 9
692 2
349 2
940 3
332 6
215 8
571 10
54 1
927 3
160 1
654 1
686 12
82 2
962 11
113 8
431 12
276 11
13 6
253 7
363 10
244 1
604 7
606 8
36 9
41 5
69 9
831 7
792 3
940 1
5 8
572 7
326 3
134 6
396 8
548 10
440 3
909 7
446 4
846 12
811 7
225 7
90 7
254 8
886 6
71 5
643 3
985 10
388 8
561 10
230 2
389 1
768 12
211 8
901 8
752 5
737 3
180 3
634 4
364 8
785 11
381 7
666 10
508 7
873 2
452 1
626 4
596 10
748 1
275 2
16 2
967 6
998 10
732 8
742 12
383 2
796 9
744 11
338 10
146 9
356 7
644 3
985 5
508 8
184 5
607 2
987 1
774 9
901 9
163 12
596 12
384 2
114 2
728 4
852 12
519 4
845 4
634 10
249 7
112 2
626 4
476 11
390 5
415 4
84 6
891 10
121 9
9 7
298 8
731 1
900 7
498 12
398 9
120 9
865 3
786 9
120 7
85 1
802 1
202 3
516 5
438 4
534 12
892 8
937 9
969 12
941 12
420 5
580 1
876 8
416 8
668 7
648 6
666 3
661 11
242 1
627 4
244 12
724 6
667 9
658 2
702 11
371 1
304 10
37 11
72 12
18 7
781 5
42 4
979 3
870 12
28 2
23 2
344 5
21 11
212 1
815 7
887 12
777 1
116 3
359 10
56 1
714 10
230 11
542 9
378 12
546 6
111 8
636 1
472 2
15 2
65 4
336 4
129 11
172 7
695 3
167 5
798 11
542 8
915 3
700 11
304 8
240 2
457 10
438 2
762 11
113 6
325 5
768 9
180 12
645 12
926 4
541 5
132 12
495 4
457 1
65 3
253 2
162 10
799 8
388 5
753 1
568 5
473 7
340 11
937 1
555 6
146 12
421 9
439 2
589 7
614 4
723 12
179 8
993 4
538 9
860 12
227 9
764 12
836 2
554 4
484 2
331 4
777 2
392 12
533 5
712 7
814 11
876 2
591 4
974 6
879 8
427 8
523 5
545 3
440 7
429 12
756 6
228 4
262 4
198 4
682 10
40 8
392 3
235 5
130 8
668 2
206 6
856 5
1 2
771 7
208 10
371 10
42 2
548 11
346 5
24 1
473 8
594 1
936 4
23 1
657 10
539 3
393 11
559 8
351 6
464 8
378 4
152 10
221 10
830 5
127 10
202 9
632 8
62 8
798 10
938 1
936 11
482 10
863 6
343 4
9 1
715 8
848 5
214 8
109 7
933 12
602 8
609 10
80 4
730 5
99 12
852 9
143 12
250 2
938 10
242 1
632 2
367 12
882 10
125 9
240 5
943 2
191 8
578 4
450 6
114 1
631 2
15 8
746 5
119 4
372 8
40 11
807 8
30 6
583 2
580 2
812 9
936 2
932 1
474 1
855 3
50 10
468 2
659 11
590 8
269 8
40 10
238 4
582 8
521 4
264 11
635 2
108 10
587 7
665 6
79 12
848 11
276 8
578 11
794 1
655 7
21 8
467 3
229 6
449 2
293 1
128 7
842 6
392 12
97 7
803 3
308 3
581 10
169 10
640 5
