1999
1 130309
2 130476
3 130538
3 130557
5 130296
5 130368
6 130402
8 130698
9 130592
10 130327
6 130458
12 130549
13 130379
14 130544
15 130564
14 130520
17 130610
18 130732
19 130619
20 130717
19 130548
22 130305
17 130649
20 130357
15 130734
26 130439
27 130447
27 130308
29 130644
29 130532
13 130284
32 130733
33 130330
34 130652
33 130494
7 130490
37 130313
37 130309
39 130574
40 130635
41 130272
39 130696
40 130373
44 130380
25 130496
46 130487
46 130538
28 130330
24 130701
50 130460
51 130473
51 130720
9 130415
54 130750
55 130558
56 130518
57 130510
58 130526
58 130294
60 130731
56 130335
62 130387
60 130563
54 130472
28 130545
26 130696
67 130713
68 130389
68 130693
10 130524
71 130577
71 130511
73 130520
74 130276
73 130437
72 130635
72 130700
78 130690
78 130676
80 130319
74 130331
80 130316
75 130701
84 130319
67 130413
86 130519
76 130725
88 130475
88 130336
75 130609
91 130288
91 130385
8 130674
94 130431
95 130413
95 130776
97 130479
96 130563
99 130643
100 130597
100 130529
102 130295
102 130668
104 130604
104 130572
96 130661
107 130584
108 130616
108 130703
110 130390
94 130497
112 130645
113 130301
112 130597
115 130609
116 130402
117 130395
116 130706
119 130570
120 130485
119 130474
113 130352
123 130567
121 130403
120 130605
126 130765
109 130671
118 130660
97 130533
99 130781
131 130490
118 130474
133 130399
134 130637
133 130660
136 130480
136 130682
16 130384
139 130499
84 130583
32 130626
142 130479
142 130702
144 130657
144 130314
145 130449
147 130336
55 130385
149 130659
150 130740
151 130466
152 130650
153 130473
152 130294
151 130440
153 130300
149 130608
158 130779
159 130410
158 130599
150 130763
16 130647
163 130731
164 130743
163 130307
166 130717
166 130705
167 130442
164 130323
167 130634
109 130639
159 130614
2 130511
174 130672
174 130495
176 130392
176 130538
177 130428
179 130657
180 130617
181 130425
182 130628
183 130631
184 130302
185 130539
186 130457
186 130639
180 130641
177 130766
190 130559
191 130315
191 130589
182 130380
179 130762
195 130683
195 130312
197 130289
198 130476
196 130604
198 130352
197 130340
202 130356
202 130491
204 130417
204 130441
206 130730
207 130498
192 130526
209 130552
175 130715
196 130341
212 130724
212 130551
214 130305
215 130764
215 130355
217 130590
213 130311
216 130636
220 130622
214 130501
220 130303
216 130719
224 130330
224 130330
184 130562
227 130628
194 130555
185 130464
230 130578
230 130470
213 130434
233 130705
234 130329
235 130346
233 130339
234 130546
238 130767
238 130329
240 130314
240 130530
217 130310
175 130271
244 130744
244 130737
245 130441
183 130551
248 130426
249 130421
248 130358
249 130388
250 130467
206 130279
203 130740
207 130407
24 130286
257 130657
106 130421
122 130326
260 130551
260 130409
115 130646
263 130696
264 130689
264 130470
266 130272
265 130629
263 130501
269 130703
270 130779
270 130392
266 130436
65 130441
274 130679
275 130737
276 130447
276 130448
278 130489
275 130504
278 130634
274 130471
282 130619
107 130379
284 130472
285 130322
285 130313
86 130296
190 130535
62 130426
290 130344
290 130629
292 130354
7 130540
294 130615
295 130458
296 130374
297 130422
298 130427
299 130438
299 130679
294 130589
302 130677
303 130700
303 130385
305 130368
306 130373
304 130418
308 130708
309 130462
309 130518
298 130679
296 130677
308 130669
302 130617
305 130372
316 130314
316 130383
318 130677
319 130549
319 130641
320 130504
320 130740
297 130450
324 130471
324 130724
282 130530
235 130778
110 130561
203 130458
123 130432
265 130741
131 130296
147 130710
173 130614
209 130748
134 130620
145 130779
338 130679
338 130655
250 130482
50 130433
245 130671
65 130669
344 130686
345 130452
346 130315
347 130731
346 130767
349 130437
350 130698
344 130511
352 130397
353 130473
353 130473
355 130753
352 130342
354 130443
358 130563
359 130719
355 130768
357 130628
362 130685
362 130676
359 130580
356 130381
361 130423
356 130286
348 130369
358 130773
370 130346
371 130474
361 130710
345 130377
374 130422
349 130413
354 130616
377 130363
377 130537
357 130486
380 130676
380 130446
382 130608
383 130468
383 130634
382 130304
371 130586
348 130637
374 130533
389 130668
122 130312
34 130300
11 130399
393 130554
394 130699
395 130521
395 130562
394 130670
398 130475
398 130759
393 130467
401 130284
401 130507
117 130440
404 130385
404 130660
406 130722
406 130435
408 130611
409 130557
408 130528
409 130620
347 130454
413 130753
413 130655
121 130506
416 130438
416 130695
44 130680
57 130658
420 130443
421 130721
421 130540
420 130515
189 130337
389 130626
76 130295
427 130294
428 130400
428 130364
427 130372
431 130440
431 130679
292 130284
434 130762
434 130582
25 130278
437 130749
269 130567
439 130680
439 130272
126 130472
194 130668
181 130416
444 130440
445 130474
446 130403
444 130700
448 130774
449 130270
450 130592
451 130581
452 130552
449 130595
454 130381
455 130318
454 130316
457 130421
457 130522
459 130588
459 130269
445 130365
452 130429
455 130372
464 130369
464 130770
466 130669
467 130776
451 130694
469 130394
469 130382
470 130646
458 130673
473 130274
467 130721
446 130657
476 130536
470 130471
466 130500
450 130626
480 130639
480 130331
448 130291
483 130741
483 130627
485 130400
465 130386
487 130394
487 130709
489 130762
490 130653
489 130616
492 130482
492 130429
494 130443
495 130756
495 130686
494 130455
498 130534
499 130604
500 130735
500 130482
498 130746
503 130286
503 130754
499 130587
506 130391
506 130608
490 130436
458 130337
139 130458
511 130461
512 130447
512 130400
511 130275
515 130540
515 130572
22 130500
306 130324
41 130376
520 130700
520 130572
11 130393
523 130626
523 130631
525 130319
526 130714
524 130531
526 130649
525 130429
530 130690
530 130659
532 130521
533 130318
533 130703
524 130572
532 130751
537 130677
538 130619
538 130562
537 130379
541 130372
541 130774
318 130458
544 130479
545 130327
546 130498
545 130652
548 130739
548 130641
546 130686
544 130351
552 130478
553 130430
554 130563
554 130669
556 130549
556 130395
552 130676
559 130530
559 130311
561 130664
561 130345
370 130343
564 130315
564 130736
566 130660
566 130781
437 130502
569 130387
569 130468
106 130558
572 130720
572 130385
574 130542
575 130713
575 130535
574 130471
304 130337
579 130296
579 130424
581 130567
582 130400
581 130709
582 130361
585 130355
585 130616
586 130753
587 130275
586 130486
587 130328
257 130516
592 130704
593 130401
593 130686
592 130442
227 130399
485 130615
192 130517
599 130574
599 130347
601 130539
601 130678
553 130556
465 130380
605 130532
606 130305
607 130281
608 130316
607 130671
609 130485
609 130560
606 130722
613 130369
613 130690
605 130639
616 130604
608 130651
616 130480
12 130384
350 130747
295 130620
622 130448
623 130455
623 130670
622 130538
473 130423
284 130408
628 130636
173 130347
630 130606
630 130337
631 130370
631 130741
1 130394
635 130632
636 130677
637 130474
636 130603
639 130702
640 130593
641 130753
642 130485
641 130450
640 130737
644 130761
646 130451
646 130621
648 130509
648 130489
647 130499
638 130767
647 130659
653 130597
652 130745
655 130402
655 130456
657 130519
658 130391
658 130340
660 130682
656 130404
662 130725
662 130289
664 130671
664 130523
666 130686
645 130444
668 130505
669 130311
670 130730
671 130352
672 130383
670 130734
674 130712
674 130762
676 130567
677 130774
677 130749
676 130476
669 130380
681 130298
682 130450
682 130619
663 130552
685 130759
686 130629
685 130414
688 130511
689 130642
688 130324
691 130488
689 130691
693 130306
694 130619
692 130556
696 130626
659 130298
698 130498
699 130500
699 130494
639 130616
702 130400
703 130385
704 130353
703 130391
706 130349
707 130362
708 130531
709 130476
710 130470
709 130710
711 130454
713 130333
711 130735
715 130321
713 130546
710 130730
718 130303
719 130613
719 130344
721 130646
721 130624
702 130700
715 130484
706 130653
681 130685
724 130488
728 130595
729 130652
729 130700
672 130578
668 130621
733 130497
638 130343
735 130344
736 130331
737 130493
738 130398
739 130706
737 130614
741 130332
742 130606
738 130386
744 130629
739 130486
746 130357
747 130519
748 130634
749 130370
746 130471
747 130304
752 130415
752 130517
754 130587
750 130344
756 130750
757 130327
757 130757
756 130679
760 130699
760 130751
748 130552
754 130651
742 130739
765 130389
766 130768
766 130525
765 130603
768 130521
750 130382
652 130686
772 130476
773 130289
774 130640
774 130422
776 130488
777 130386
778 130565
775 130444
780 130619
781 130759
780 130478
778 130319
784 130564
772 130545
773 130590
787 130341
787 130556
789 130527
790 130556
791 130331
792 130540
789 130551
794 130655
794 130673
796 130715
796 130735
797 130775
790 130289
800 130419
800 130377
798 130715
798 130457
785 130334
777 130578
776 130485
807 130432
791 130697
807 130450
797 130689
786 130419
812 130519
812 130694
814 130474
814 130642
816 130680
813 130360
818 130749
817 130518
775 130656
786 130293
783 130702
784 130694
824 130632
824 130749
785 130471
816 130644
828 130514
828 130615
830 130348
831 130339
831 130702
830 130278
728 130394
835 130593
836 130551
836 130473
835 130307
665 130518
840 130397
840 130493
842 130408
841 130563
844 130340
844 130754
846 130309
847 130408
847 130430
849 130517
850 130513
849 130585
850 130594
842 130621
845 130658
855 130670
856 130458
857 130699
857 130699
855 130699
860 130723
861 130628
860 130349
856 130703
864 130684
864 130449
704 130522
867 130347
868 130669
867 130718
870 130365
868 130551
872 130295
873 130707
873 130311
875 130708
875 130712
872 130723
878 130621
871 130343
880 130674
881 130564
882 130433
882 130469
881 130448
885 130400
885 130322
883 130598
883 130773
889 130542
889 130662
886 130516
888 130366
893 130360
888 130590
893 130761
890 130635
879 130378
898 130501
898 130747
870 130475
901 130405
902 130752
901 130646
904 130445
905 130612
905 130710
907 130748
902 130657
907 130589
910 130563
910 130618
903 130499
903 130282
871 130283
915 130738
915 130659
917 130405
917 130755
919 130690
880 130710
921 130346
922 130619
923 130560
922 130579
921 130379
923 130523
919 130776
718 130682
733 130538
930 130760
931 130605
686 130334
933 130695
933 130435
935 130551
935 130635
656 130619
707 130646
939 130588
940 130508
939 130539
942 130354
942 130511
940 130534
813 130310
946 130671
946 130620
705 130583
949 130617
950 130510
951 130525
950 130521
953 130487
953 130662
955 130392
955 130745
957 130271
663 130772
959 130340
959 130383
961 130714
961 130682
963 130774
963 130274
964 130381
960 130407
967 130683
967 130652
969 130519
962 130554
971 130770
971 130586
962 130458
964 130277
975 130775
975 130425
977 130440
977 130652
645 130608
980 130550
980 130525
957 130345
692 130615
705 130778
659 130538
986 130402
987 130534
986 130747
989 130770
990 130337
990 130390
992 130598
989 130700
994 130357
994 130610
996 130520
988 130331
988 130629
996 130738
1000 130760
987 130669
1002 130421
1002 130720
1004 130732
1004 130762
732 130577
749 130660
1008 130368
1008 130497
904 130546
1011 130391
1011 130390
1013 130704
1014 130724
1014 130361
1013 130485
666 130489
1018 130507
1019 130296
1019 130510
694 130458
969 130361
1023 130380
1023 130709
861 130692
783 130445
878 130400
1028 130575
1028 130329
1030 130444
1030 130721
1032 130279
1032 130372
1034 130698
693 130355
1036 130479
1036 130441
698 130487
1039 130415
1040 130605
1039 130759
1042 130772
1042 130706
1044 130726
1045 130736
1045 130523
1047 130543
1047 130666
788 130642
1050 130464
744 130580
708 130535
1053 130547
1053 130464
665 130576
696 130712
818 130688
1058 130313
1058 130284
671 130412
1061 130526
788 130590
1063 130592
1063 130613
1065 130488
1065 130649
951 130421
1018 130330
1069 130441
1070 130307
1070 130334
1072 130278
1069 130576
1074 130758
1074 130559
1072 130484
841 130521
1078 130580
1078 130504
949 130523
1081 130340
1082 130577
1081 130424
1083 130677
1085 130305
1084 130529
1087 130720
1088 130663
1083 130726
1089 130723
1091 130714
1092 130649
1092 130680
1084 130354
1089 130681
1096 130352
1082 130748
1098 130275
1098 130645
1100 130647
1100 130378
1102 130328
1085 130323
1088 130451
1105 130382
1106 130625
1105 130648
1087 130437
1109 130548
1109 130767
1096 130536
1102 130357
1106 130448
1061 130484
1115 130642
1115 130773
985 130722
1118 130317
1119 130586
1119 130491
1121 130699
1122 130342
1121 130589
1118 130503
1125 130683
1125 130592
1127 130304
1128 130377
1129 130414
1130 130682
1130 130338
1129 130698
1128 130432
1127 130465
992 130422
1136 130465
1136 130349
1137 130521
1138 130375
1138 130753
1141 130685
1141 130276
691 130349
1144 130486
1145 130760
1145 130349
1144 130708
732 130464
644 130272
660 130461
1151 130705
1152 130492
1153 130567
1151 130543
1153 130412
1152 130656
1122 130766
1040 130438
642 130766
1000 130740
846 130580
985 130334
1163 130562
1164 130341
1164 130728
1163 130694
736 130776
1168 130754
1169 130555
1170 130360
1170 130479
1169 130422
1173 130584
1174 130281
1173 130707
1176 130633
1177 130770
1177 130780
1174 130757
1180 130726
1181 130499
1182 130464
1182 130321
1181 130438
1185 130556
1185 130604
1183 130677
1168 130656
1189 130775
1190 130442
1191 130384
1191 130356
1193 130425
1194 130557
1190 130621
1196 130408
1194 130308
1198 130637
1196 130514
1200 130646
1200 130647
1193 130365
1203 130315
1203 130279
1205 130677
1195 130637
1207 130763
1207 130713
1180 130400
1210 130719
1211 130637
1212 130298
1211 130625
1212 130378
1215 130709
1215 130760
1217 130534
1183 130782
1176 130392
1220 130596
1220 130595
1222 130701
1205 130455
1184 130782
1210 130445
1195 130359
1227 130378
1227 130463
1228 130277
1229 130417
1231 130751
1229 130404
1231 130631
1228 130416
1235 130345
1235 130721
1217 130284
1198 130582
1222 130658
1034 130632
845 130544
726 130671
1243 130736
1244 130288
1244 130572
1246 130343
1243 130767
1248 130401
1248 130555
1246 130693
1251 130288
1252 130416
1252 130408
1251 130675
1254 130405
1256 130762
1254 130330
1257 130649
1256 130550
886 130366
1091 130345
1189 130663
1263 130471
1264 130554
1263 130656
1265 130488
1264 130293
1266 130428
1269 130418
1270 130325
1269 130466
1270 130293
1272 130546
1266 130324
1275 130278
1275 130560
1277 130565
1277 130576
1279 130380
1279 130587
1268 130485
1272 130747
1268 130709
1284 130636
1285 130457
1285 130734
1287 130698
1287 130473
1265 130657
1290 130573
1291 130671
1290 130688
726 130765
1294 130610
1295 130476
1296 130491
1297 130356
1296 130630
1299 130709
1299 130349
1297 130374
1302 130421
1302 130281
1295 130538
1305 130493
1306 130417
1307 130343
1307 130673
1309 130715
1306 130277
1308 130733
1294 130415
1313 130359
1309 130773
1313 130693
1044 130349
635 130747
1318 130700
1319 130622
1320 130475
1321 130664
1321 130476
1323 130489
1323 130625
1320 130744
1326 130465
1327 130586
1326 130412
1329 130548
1330 130699
1331 130294
1318 130742
1333 130570
1334 130642
1335 130574
1336 130308
1334 130542
1338 130444
1339 130466
1340 130307
1341 130563
1341 130338
1343 130602
1344 130618
1344 130540
1338 130758
1347 130468
1348 130512
1349 130631
1349 130434
1342 130325
1339 130530
1353 130755
1354 130694
1355 130337
1354 130401
1355 130555
1342 130648
1340 130410
1360 130292
1361 130737
1362 130404
1360 130712
1363 130465
1365 130292
1363 130274
1367 130504
1367 130405
1365 130572
1370 130646
1370 130335
1362 130322
1361 130388
1374 130710
1374 130484
1343 130326
1327 130316
1378 130754
1378 130600
1333 130370
1381 130446
1382 130738
1383 130639
1383 130316
1382 130612
1386 130427
1387 130740
1386 130317
1389 130476
1389 130508
1381 130521
1392 130640
1393 130476
1394 130315
1395 130591
1392 130418
1393 130306
1398 130372
1399 130768
1398 130411
1397 130293
1402 130693
1403 130526
1401 130713
1399 130369
1406 130555
1403 130537
1408 130417
1408 130676
1394 130408
1411 130307
1412 130592
1412 130614
1402 130604
1415 130284
1415 130581
1417 130293
1418 130600
1417 130684
1420 130493
1421 130438
1418 130730
1421 130470
1424 130714
1424 130682
1426 130285
1420 130587
1428 130651
1428 130437
1391 130414
1426 130585
1322 130297
1433 130279
1433 130434
1435 130782
1436 130314
1436 130733
1331 130393
1406 130357
1435 130452
1441 130453
1441 130330
1443 130328
1444 130338
1443 130318
1446 130449
1446 130545
1335 130433
1449 130658
1450 130761
1449 130485
1451 130677
1453 130323
1451 130651
1395 130283
1456 130599
1456 130353
1397 130781
1459 130306
1460 130749
1461 130323
1460 130642
1463 130774
1463 130306
1465 130616
1465 130689
1459 130459
1468 130643
1469 130362
1469 130451
1470 130485
1472 130514
1471 130764
1470 130367
1475 130667
1476 130276
1477 130346
1475 130542
1477 130682
1476 130431
1481 130500
1481 130601
1472 130574
1484 130718
1468 130355
1486 130278
1487 130278
1487 130648
1486 130317
1336 130684
1347 130381
1492 130397
1492 130320
1385 130304
1495 130388
1495 130430
1401 130491
1471 130461
1499 130545
1500 130755
1499 130631
1500 130384
1453 130464
1387 130377
1505 130547
1505 130306
1507 130769
1507 130534
1461 130773
1510 130555
1510 130433
1385 130459
1513 130389
1514 130626
1513 130635
1516 130772
1516 130713
1514 130315
1329 130287
1444 130732
1348 130763
1411 130552
1523 130502
1524 130459
1523 130339
1525 130706
1525 130323
768 130436
1050 130674
960 130290
1531 130554
1531 130417
1330 130559
1353 130480
817 130730
1484 130470
741 130431
1538 130727
1539 130414
1538 130347
1539 130489
1308 130745
1524 130631
930 130272
1284 130543
1546 130599
1546 130751
1548 130656
1549 130540
1549 130663
1548 130778
653 130517
1276 130680
1554 130776
1554 130572
1556 130774
1556 130742
1450 130609
1559 130391
1559 130324
1561 130716
1561 130518
1560 130413
1391 130368
1565 130653
1565 130777
1567 130751
1567 130545
1319 130571
1570 130549
1570 130449
1572 130755
1572 130442
1574 130601
1574 130524
1276 130286
1577 130630
1577 130669
1560 130636
1137 130521
735 130430
1582 130397
1582 130709
1583 130351
1585 130669
1586 130611
1587 130340
1588 130367
1585 130754
1587 130695
1591 130326
1583 130351
1593 130514
1594 130688
1589 130769
1590 130401
1597 130350
1597 130664
1598 130316
1598 130587
1589 130645
1588 130637
1594 130437
1593 130514
1605 130637
1606 130651
1606 130546
1605 130417
1586 130614
1610 130487
1610 130423
1590 130496
1591 130408
792 130680
1615 130688
1615 130302
1305 130501
1618 130592
1619 130483
1619 130530
1618 130515
890 130298
657 130304
1624 130520
1625 130399
1626 130693
1625 130457
1628 130586
1628 130316
1626 130342
1631 130302
1632 130293
1624 130619
1631 130737
1634 130782
1636 130518
1637 130351
1636 130387
1639 130755
1639 130399
1641 130709
1642 130336
1643 130445
1643 130676
1642 130351
1637 130423
1641 130446
1634 130783
1649 130443
1650 130600
1649 130515
1652 130649
1652 130576
1654 130575
1655 130632
1656 130287
1654 130308
1658 130371
1659 130276
1659 130639
1661 130678
1661 130621
1658 130609
1664 130708
1665 130506
1666 130677
1666 130500
1651 130556
1651 130778
1670 130508
1671 130611
1671 130492
1650 130649
1674 130705
1675 130338
1675 130357
1674 130557
1669 130367
1656 130723
1680 130759
1681 130397
1680 130736
1683 130698
1681 130655
1685 130744
1683 130738
1685 130453
1665 130782
1689 130432
1690 130562
1689 130441
1692 130466
1692 130759
1691 130444
1695 130374
1695 130703
1690 130380
1698 130482
1698 130636
1668 130692
1701 130653
1702 130349
1701 130434
1702 130724
1669 130371
1706 130711
1670 130656
1668 130738
1709 130335
1709 130579
1706 130608
1655 130377
1713 130438
1713 130723
1715 130377
1715 130435
1691 130617
1718 130471
1718 130763
1720 130387
1720 130538
1721 130464
1721 130616
1632 130686
1725 130511
1725 130369
1664 130488
1728 130777
1728 130484
1730 130559
1730 130577
1729 130484
1733 130571
1733 130601
1735 130339
1735 130298
1737 130623
1737 130321
1729 130384
1740 130356
1741 130404
1740 130752
1741 130344
1743 130653
1745 130569
1746 130325
1746 130660
1745 130443
1743 130569
1747 130363
1747 130454
1752 130718
1752 130601
781 130400
1755 130399
1755 130357
1291 130295
724 130317
1759 130404
1759 130751
931 130496
1762 130777
1762 130380
879 130607
1765 130741
1766 130768
1767 130764
1767 130447
1769 130310
1765 130711
1766 130545
1769 130367
1773 130741
1773 130305
637 130661
1776 130659
1777 130526
1778 130469
1779 130418
1780 130576
1776 130585
1782 130587
1782 130397
1784 130444
1785 130361
1779 130545
1787 130419
1784 130773
1789 130588
1788 130615
1791 130765
1792 130352
1791 130695
1794 130445
1795 130644
1787 130428
1797 130408
1798 130644
1799 130779
1799 130305
1800 130596
1801 130636
1803 130309
1803 130348
1797 130725
1806 130315
1807 130297
1801 130370
1809 130408
1809 130739
1780 130292
1812 130556
1812 130527
1814 130310
1814 130451
1816 130720
1777 130388
1818 130768
1818 130418
1820 130750
1821 130746
1822 130668
1822 130366
1819 130453
1825 130767
1826 130326
1826 130718
1828 130580
1825 130671
1828 130585
1820 130680
1832 130651
1833 130298
1833 130769
1832 130356
1836 130591
1836 130616
1838 130543
1819 130723
1840 130334
1841 130643
1842 130307
1843 130752
1842 130447
1840 130474
1846 130429
1847 130472
1841 130376
1849 130769
1850 130368
1850 130761
1847 130361
1853 130601
1853 130522
1855 130685
1856 130776
1856 130320
1855 130310
1843 130344
1821 130411
1861 130656
1862 130409
1861 130725
1862 130544
1865 130608
1865 130462
1800 130690
1783 130634
1798 130666
1870 130571
1870 130624
1806 130491
1794 130422
1874 130669
1874 130657
1876 130411
1877 130605
1878 130300
1795 130554
1880 130459
1880 130370
1783 130399
1883 130768
1884 130607
1884 130637
1883 130704
1887 130572
1887 130659
1888 130725
1888 130611
1785 130605
1877 130440
1838 130648
1816 130657
1788 130336
1792 130701
1896 130734
1898 130353
1899 130719
1900 130783
1899 130370
1902 130766
1902 130735
1904 130384
1904 130523
1900 130351
1898 130278
1876 130280
1909 130467
1909 130698
1896 130326
1807 130512
1789 130764
1878 130766
1849 130533
1916 130735
1917 130542
1918 130695
1919 130662
1919 130494
1916 130699
1922 130278
1922 130669
1924 130503
1924 130329
1926 130380
1927 130594
1926 130580
1929 130353
1929 130483
1930 130392
1918 130514
1917 130592
1934 130726
1934 130373
1936 130391
1936 130463
1927 130704
1930 130269
1778 130605
1941 130343
1942 130503
1942 130490
1941 130352
1945 130513
1945 130540
1846 130555
1948 130573
1949 130578
1950 130465
1950 130455
1949 130370
1953 130461
1948 130406
1955 130316
1955 130482
1953 130439
1184 130319
476 130321
1960 130515
1961 130363
1961 130436
1960 130447
189 130485
1965 130293
1965 130374
628 130375
1257 130698
18 130765
1970 130445
1971 130636
1972 130281
1970 130317
1971 130309
1972 130637
1322 130287
1977 130723
1978 130383
1979 130751
1978 130514
1980 130305
1980 130484
1977 130338
1984 130497
1985 130341
1984 130423
1986 130655
1987 130449
1986 130331
1985 130388
1979 130748
1992 130296
1992 130521
1994 130635
1994 130712
1987 130275
1997 130404
1997 130431
--
15
1 2
1 5
3 3
4 3
4 3
6 5
5 4
5 3
6 3
3 2
11 5
11 3
13 2
13 1
