1000 1000
81 -1 -93 63 -82 -11 92 40 3 27 74 -45 -99 88 21 -95 -68 61 -4 71 -84 29 -4 -90 -61 67 100 6 -49 55 -21 43 -87 11 55 -23 56 96 63 90 -99 74 7 67 -86 47 93 93 -66 -28 28 -83 27 -43 -77 56 65 60 -55 -48 -76 12 -76 -1 45 -28 -94 -66 -67 -7 -15 -88 -23 4 33 28 -65 37 -2 -46 13 59 89 -78 63 60 -72 -73 -82 95 24 4 76 -79 100 -26 29 -9 78 41 -8 -9 -8 -21 62 -54 -4 -60 -42 -67 57 91 -37 2 20 100 -76 68 76 -58 -89 -70 14 -32 78 26 57 14 90 61 -67 -51 -86 15 22 65 9 74 -21 76 -72 -27 -81 83 51 51 -68 9 -34 71 93 42 41 29 53 35 -61 37 -99 42 96 4 98 12 -61 20 54 8 -50 -34 35 39 91 -27 82 54 -46 24 -29 -14 -86 90 -75 41 11 -62 18 2 -21 74 -91 5 -68 15 94 92 -41 -5 47 95 80 85 14 -29 88 90 84 29 -2 84 19 -74 67 28 27 -87 21 15 -67 -72 -6 -91 48 15 -41 -12 27 75 -19 -28 29 -81 -15 -64 -78 -42 -2 -93 -95 -6 -80 -79 -67 -65 61 -73 35 -28 -81 15 -78 -100 -44 -19 -70 -32 67 5 53 30 69 71 -49 -38 -87 -22 -60 -27 -85 -26 -8 -7 -23 -42 -88 -79 -100 98 -37 33 -46 39 11 25 -16 -10 74 69 82 81 -76 40 -85 -97 97 58 -45 -27 -79 46 77 -99 94 36 -58 -52 46 -61 37 -53 -53 -81 88 13 -40 100 85 -29 -58 -52 -7 49 -21 -73 43 18 -55 -50 -88 -31 -35 14 67 -35 81 -11 32 73 54 34 71 12 -53 5 -100 15 -95 -99 -95 -27 -40 96 -77 -95 91 82 33 -95 19 -37 -28 38 48 -92 90 11 -74 -70 -2 -89 42 -42 -86 95 23 55 -53 -72 -51 77 79 36 -51 58 -76 -61 11 -98 97 -43 -31 91 -33 -65 -87 61 2 -49 32 -32 14 -29 -60 45 -14 72 2 -61 71 29 68 -38 -79 -72 -8 19 -8 -71 -51 73 62 -54 -57 36 16 47 67 86 -75 27 63 -33 -63 -7 -71 84 -76 65 -43 -74 62 -76 -55 -70 -29 71 9 72 -94 -27 -69 75 36 -44 -4 49 -44 -4 -92 78 30 -68 -23 -25 -93 89 88 -54 3 9 80 58 -46 59 -38 14 -72 -82 72 64 33 -55 -68 -88 12 74 -4 -85 97 5 -46 -38 -69 -81 -89 -81 97 23 -10 -95 79 -28 71 30 -100 5 63 57 -41 -36 -96 88 -13 94 -72 13 -96 -91 1 -84 8 33 98 40 18 24 -15 84 53 -39 -48 67 -4 90 83 -88 47 59 -54 -71 78 -53 30 -22 70 -100 54 69 50 55 -92 39 91 92 31 86 45 39 -47 -6 -23 19 69 15 31 -84 -4 15 -91 79 21 -77 17 -98 72 28 89 45 1 88 -50 -46 20 -20 44 34 -81 -87 72 -17 73 100 -51 -94 86 -62 91 81 71 -76 25 75 -58 81 -2 -54 8 17 73 54 -53 -91 -18 61 -49 -21 50 -59 -32 -75 5 -67 -67 -1 63 -12 29 52 -36 33 39 52 -20 -10 -76 -5 -95 21 1 -86 74 -98 66 9 -32 79 56 81 -42 56 21 -95 63 79 55 -28 -37 -38 13 -77 -66 -81 -8 44 -68 93 -31 20 10 -15 36 -41 28 -33 45 94 -83 60 36 93 -98 -24 -31 10 -19 -31 -44 -88 -68 -51 -34 14 -66 75 -2 99 -41 -50 -3 15 78 37 43 -48 56 -99 12 -14 -79 52 100 59 52 15 30 36 -59 79 -26 -62 100 -19 8 22 67 89 -22 85 -64 27 -17 29 43 37 -8 -18 -25 53 41 -53 -81 -52 -15 -41 51 -66 70 1 57 97 -74 24 93 86 -64 9 21 43 23 -83 -7 15 84 81 69 -81 63 43 55 -34 20 -12 63 -34 -54 -78 -96 -95 20 86 32 79 -47 93 60 -53 17 3 -96 -39 41 24 65 27 -96 14 37 -53 -22 -72 -14 98 55 42 -51 100 15 95 -34 -36 31 53 -56 99 -17 -37 -60 98 63 -45 -41 67 64 -24 -7 21 30 13 -74 -51 19 96 -23 -18 -100 11 21 26 -9 -31 -28 -45 3 -85 -18 48 12 77 -37 -24 19 -62 91 30 61 83 90 75 13 -84 60 61 4 -27 84 16 30 -4 31 -6 64 -9 -97 52 -88 43 -21 -35 36 15 20 40 11 30 30 -16 87 -50 -91 -84 -53 50 -28 82 76 -61 16 34 -66 20 23 -90 60 72 2 -47 -23 -8 -21 -18 -50 -73 -20 79 57 73 -22 -61 -78 -23 -97 89 -78 -15 52 -62 84 43 88 59 -46 -11 88 -37 -58 9 -61 29 59 45 54 72 -61 -18 29 58 -52 -36 56 -22 86 -84 -16 -52 -64 -67 34 38 -94 32 -53 64 -60 -77 70 -28 -37 94 37 -18 28 65 -45 89 25 71 59 -4 45 -78 27 34 -52 -33 -37 51 72 -79 49 56 -57 -8 80 7 -47 -38 62 -57 93 -18 
2 1
3 2
4 3
5 3
6 5
7 6
8 5
9 1
10 6
11 1
12 2
13 9
14 1
15 13
16 10
17 11
18 5
19 18
20 16
21 10
22 21
23 6
24 11
25 11
26 6
27 9
28 16
29 13
30 15
31 18
32 5
33 24
34 5
35 5
36 14
37 5
38 30
39 7
40 3
41 38
42 41
43 14
44 17
45 14
46 28
47 31
48 9
49 27
50 10
51 6
52 41
53 2
54 43
55 35
56 26
57 43
58 50
59 32
60 18
61 58
62 1
63 61
64 13
65 29
66 30
67 50
68 34
69 6
70 37
71 4
72 39
73 11
74 72
75 20
76 69
77 25
78 26
79 40
80 69
81 38
82 66
83 23
84 63
85 34
86 64
87 29
88 24
89 87
90 11
91 28
92 57
93 76
94 10
95 87
96 16
97 95
98 7
99 6
100 98
101 42
102 23
103 53
104 65
105 80
106 21
107 48
108 4
109 44
110 37
111 90
112 87
113 50
114 89
115 102
116 8
117 109
118 40
119 5
120 116
121 7
122 57
123 10
124 55
125 50
126 21
127 76
128 85
129 71
130 76
131 68
132 108
133 61
134 102
135 105
136 35
137 45
138 23
139 20
140 45
141 100
142 86
143 54
144 55
145 120
146 27
147 91
148 73
149 14
150 66
151 30
152 71
153 75
154 30
155 29
156 145
157 145
158 59
159 60
160 13
161 29
162 111
163 8
164 63
165 87
166 10
167 33
168 35
169 98
170 152
171 165
172 71
173 8
174 93
175 171
176 5
177 80
178 83
179 126
180 104
181 74
182 77
183 172
184 102
185 18
186 94
187 20
188 17
189 121
190 154
191 176
192 135
193 41
194 112
195 31
196 180
197 100
198 33
199 91
200 62
201 38
202 98
203 24
204 32
205 30
206 158
207 43
208 171
209 33
210 69
211 92
212 65
213 181
214 146
215 211
216 206
217 206
218 156
219 39
220 144
221 162
222 141
223 64
224 115
225 146
226 45
227 108
228 92
229 215
230 29
231 212
232 194
233 170
234 8
235 109
236 2
237 192
238 115
239 9
240 233
241 117
242 53
243 214
244 217
245 43
246 178
247 106
248 235
249 101
250 5
251 4
252 69
253 104
254 113
255 113
256 172
257 2
258 148
259 173
260 91
261 229
262 87
263 20
264 263
265 46
266 221
267 234
268 215
269 175
270 269
271 72
272 95
273 210
274 37
275 73
276 264
277 87
278 115
279 158
280 121
281 8
282 11
283 24
284 107
285 170
286 77
287 168
288 193
289 159
290 154
291 276
292 146
293 138
294 252
295 28
296 273
297 18
298 99
299 154
300 257
301 287
302 104
303 142
304 166
305 145
306 285
307 225
308 275
309 123
310 147
311 149
312 31
313 207
314 166
315 302
316 11
317 290
318 283
319 47
320 31
321 146
322 300
323 138
324 265
325 298
326 308
327 243
328 296
329 254
330 40
331 2
332 260
333 144
334 203
335 27
336 77
337 330
338 165
339 250
340 59
341 181
342 240
343 82
344 13
345 329
346 100
347 304
348 112
349 146
350 94
351 125
352 256
353 131
354 132
355 151
356 326
357 192
358 151
359 217
360 131
361 201
362 230
363 339
364 290
365 289
366 231
367 270
368 206
369 117
370 182
371 186
372 61
373 214
374 166
375 184
376 262
377 256
378 110
379 11
380 150
381 119
382 284
383 239
384 170
385 25
386 181
387 281
388 19
389 202
390 163
391 72
392 182
393 285
394 23
395 342
396 395
397 72
398 97
399 270
400 181
401 25
402 387
403 197
404 142
405 218
406 146
407 397
408 337
409 10
410 338
411 26
412 53
413 73
414 81
415 136
416 372
417 158
418 100
419 336
420 360
421 82
422 31
423 321
424 9
425 272
426 61
427 193
428 370
429 47
430 325
431 220
432 386
433 304
434 374
435 15
436 272
437 304
438 46
439 129
440 73
441 32
442 96
443 107
444 130
445 91
446 239
447 404
448 164
449 88
450 110
451 265
452 166
453 433
454 51
455 46
456 224
457 411
458 290
459 84
460 279
461 79
462 286
463 447
464 287
465 176
466 362
467 80
468 180
469 2
470 347
471 215
472 85
473 90
474 101
475 361
476 327
477 155
478 31
479 35
480 272
481 336
482 293
483 200
484 67
485 55
486 48
487 241
488 415
489 302
490 417
491 240
492 335
493 300
494 170
495 133
496 347
497 466
498 368
499 76
500 84
501 450
502 460
503 360
504 219
505 31
506 172
507 247
508 179
509 339
510 428
511 110
512 471
513 270
514 54
515 406
516 376
517 264
518 266
519 284
520 63
521 160
522 59
523 316
524 335
525 225
526 361
527 368
528 147
529 93
530 161
531 27
532 462
533 153
534 166
535 337
536 14
537 41
538 439
539 289
540 431
541 128
542 98
543 226
544 118
545 57
546 494
547 136
548 210
549 523
550 362
551 106
552 476
553 91
554 468
555 321
556 378
557 192
558 343
559 97
560 142
561 107
562 286
563 478
564 344
565 339
566 29
567 139
568 553
569 286
570 24
571 168
572 370
573 62
574 422
575 210
576 126
577 507
578 67
579 442
580 239
581 289
582 18
583 106
584 112
585 421
586 201
587 541
588 493
589 35
590 38
591 95
592 93
593 82
594 498
595 252
596 370
597 539
598 209
599 584
600 151
601 479
602 153
603 204
604 283
605 168
606 279
607 544
608 395
609 570
610 349
611 245
612 586
613 86
614 491
615 10
616 210
617 215
618 59
619 2
620 71
621 479
622 442
623 40
624 596
625 60
626 209
627 34
628 550
629 315
630 485
631 534
632 24
633 12
634 613
635 214
636 54
637 208
638 599
639 40
640 158
641 607
642 153
643 424
644 516
645 38
646 458
647 444
648 549
649 561
650 494
651 590
652 239
653 148
654 233
655 473
656 434
657 479
658 520
659 90
660 354
661 633
662 658
663 280
664 461
665 429
666 286
667 643
668 283
669 68
670 41
671 108
672 191
673 242
674 483
675 53
676 201
677 361
678 286
679 510
680 614
681 618
682 10
683 355
684 145
685 401
686 484
687 149
688 161
689 3
690 619
691 140
692 232
693 338
694 444
695 153
696 651
697 529
698 557
699 289
700 180
701 69
702 535
703 96
704 119
705 59
706 50
707 545
708 61
709 630
710 534
711 363
712 423
713 676
714 258
715 143
716 399
717 340
718 356
719 54
720 621
721 178
722 506
723 137
724 682
725 410
726 430
727 553
728 238
729 514
730 121
731 633
732 342
733 331
734 508
735 548
736 167
737 2
738 426
739 1
740 352
741 47
742 310
743 271
744 211
745 421
746 616
747 661
748 254
749 91
750 179
751 81
752 177
753 595
754 362
755 416
756 126
757 297
758 712
759 15
760 592
761 238
762 140
763 7
764 238
765 726
766 137
767 133
768 456
769 142
770 351
771 721
772 741
773 686
774 332
775 232
776 511
777 654
778 768
779 334
780 667
781 315
782 55
783 157
784 68
785 109
786 348
787 293
788 571
789 623
790 566
791 202
792 533
793 142
794 30
795 570
796 28
797 713
798 529
799 624
800 584
801 648
802 778
803 708
804 606
805 448
806 386
807 585
808 435
809 111
810 679
811 571
812 688
813 756
814 488
815 46
816 761
817 569
818 770
819 233
820 144
821 191
822 40
823 622
824 58
825 770
826 544
827 283
828 366
829 333
830 421
831 754
832 437
833 152
834 444
835 663
836 571
837 197
838 674
839 493
840 647
841 567
842 438
843 256
844 602
845 314
846 562
847 229
848 507
849 47
850 599
851 711
852 169
853 610
854 848
855 648
856 718
857 41
858 439
859 764
860 444
861 547
862 593
863 447
864 327
865 38
866 544
867 46
868 4
869 440
870 489
871 640
872 64
873 224
874 122
875 141
876 677
877 792
878 751
879 626
880 390
881 134
882 551
883 560
884 607
885 784
886 149
887 715
888 356
889 53
890 589
891 28
892 26
893 704
894 800
895 308
896 195
897 282
898 42
899 363
900 95
901 627
902 190
903 6
904 613
905 32
906 215
907 483
908 291
909 108
910 153
911 284
912 169
913 808
914 903
915 248
916 435
917 873
918 790
919 287
920 216
921 492
922 38
923 594
924 898
925 491
926 67
927 473
928 593
929 795
930 505
931 527
932 801
933 784
934 551
935 250
936 840
937 448
938 346
939 549
940 238
941 104
942 333
943 176
944 478
945 155
946 680
947 187
948 417
949 649
950 164
951 545
952 313
953 239
954 81
955 228
956 270
957 327
958 290
959 731
960 949
961 338
962 837
963 807
964 735
965 764
966 930
967 538
968 508
969 176
970 592
971 528
972 666
973 289
974 60
975 470
976 63
977 72
978 14
979 926
980 393
981 823
982 234
983 942
984 261
985 918
986 950
987 563
988 832
989 327
990 254
991 309
992 844
993 615
994 33
995 406
996 129
997 971
998 153
999 6
1000 821
392 -75
139 100
853 67
682 -77
580 86
925 -55
456 -92
519 57
962 -86
912 -49
878 36
158 -81
53 -53
736 -88
732 28
118 45
191 -35
253 -1
346 75
477 51
225 -39
660 100
551 41
263 89
475 44
69 85
430 1
166 5
789 96
950 90
841 48
507 -81
406 89
47 22
268 -67
108 96
221 10
741 24
764 -61
671 -41
374 -48
843 -41
889 -49
783 59
86 -19
454 54
121 -9
372 -45
497 35
464 10
943 64
528 -39
747 46
288 -75
547 36
559 -5
653 67
575 19
442 -91
206 91
867 59
350 -4
425 79
840 49
835 56
607 59
453 43
198 -3
695 14
666 -34
726 33
837 24
133 -41
722 73
261 -81
20 59
606 9
639 71
970 88
470 -70
526 35
108 -53
322 -69
910 -79
347 -90
252 2
560 -38
577 56
744 44
913 48
251 59
936 -78
155 -56
349 -70
936 -23
854 -29
861 11
493 62
568 -36
78 -98
274 3
171 -25
260 -64
57 -85
513 29
236 -45
576 83
391 88
261 10
682 63
677 -51
285 -48
445 -68
698 18
763 30
415 99
88 -41
904 3
278 -48
61 -54
156 20
994 -61
942 41
690 20
15 -59
907 7
853 32
971 30
638 52
825 -19
781 -84
134 32
887 -54
489 -94
287 -30
548 -69
290 68
986 -93
658 -12
207 71
52 17
272 47
571 -12
327 -98
926 94
426 -33
857 24
555 -70
922 19
429 17
548 -17
628 -42
263 -99
643 46
382 78
526 78
390 -51
975 -26
586 43
25 91
358 -33
635 98
339 -65
540 70
276 -26
524 -27
119 -60
628 87
438 77
91 66
181 23
572 16
866 -69
696 93
444 67
518 77
377 -1
3 -66
509 62
634 17
921 -58
843 11
683 -17
836 64
179 -49
203 -39
282 -9
290 71
345 66
642 -97
541 43
254 -17
644 44
241 -35
35 -95
498 -92
308 -22
171 -69
764 -37
562 80
207 37
120 46
359 76
79 -10
479 -19
75 -66
711 -30
881 40
711 -41
53 -25
400 -61
516 -79
46 96
530 -43
851 9
118 61
55 61
467 -13
361 82
624 -24
63 74
59 -43
215 -76
308 -12
392 -63
878 -10
741 -56
230 29
500 -89
230 24
621 93
951 23
117 56
553 31
954 -3
110 -94
252 -95
360 86
790 -39
152 -8
39 57
186 -94
288 -4
17 -9
72 -22
936 92
220 -36
547 9
708 61
674 14
420 46
887 56
616 28
747 -80
104 39
170 -47
770 66
992 44
337 -2
218 -93
958 88
567 -17
555 21
105 57
350 38
621 -51
572 5
74 19
664 -41
336 -66
951 -81
170 32
282 54
688 -29
245 -47
49 -78
432 -68
808 -30
350 62
138 -79
528 -31
281 -64
571 -84
999 57
893 59
289 16
95 -78
72 -54
378 -91
248 -63
551 -88
501 13
905 55
875 30
127 92
442 -22
668 14
541 -52
294 17
635 21
315 -41
387 -4
467 1
185 -65
23 36
599 -31
889 82
13 -7
676 42
792 85
264 8
242 -44
574 -52
960 -57
238 52
439 -39
205 9
334 47
774 -100
814 -39
857 69
293 -68
118 11
607 97
453 74
453 73
287 2
553 -21
31 -46
672 -12
351 -11
18 54
925 -26
728 -98
466 -26
620 22
422 31
640 -66
842 -38
331 -27
943 -100
832 45
380 -9
157 75
707 -96
830 31
853 -74
873 -96
448 96
665 61
651 -54
604 -31
815 59
687 -36
392 30
856 -40
67 68
658 40
915 -32
669 90
365 84
663 57
449 -100
701 -84
103 -6
176 -59
844 -4
235 88
839 -63
514 -84
882 -78
684 91
22 73
242 18
40 25
818 9
225 -30
227 -61
927 79
828 1
406 53
363 -70
631 54
594 65
362 -18
744 -13
731 81
824 15
330 -79
453 25
125 17
432 -3
408 -13
537 50
906 -27
422 -27
40 -67
842 30
352 -71
270 11
835 -83
374 -67
487 -70
81 31
59 7
859 -72
821 -65
32 -14
231 88
472 -30
821 98
552 -13
448 24
340 -42
618 -59
40 -3
580 26
989 -93
576 96
111 14
178 -89
628 -3
651 -9
353 57
327 -45
375 -58
51 -76
939 48
49 -41
439 -9
440 -48
301 38
545 -73
588 -13
522 51
248 -62
781 -56
429 -32
923 -92
553 -93
29 -92
565 64
135 64
317 -69
597 -61
643 -5
140 -50
374 77
588 -62
865 -2
375 84
645 8
436 59
575 78
158 -16
352 -91
795 16
633 31
60 32
574 95
96 -38
814 83
250 10
313 14
305 -39
971 -52
858 96
707 -81
108 -89
224 44
9 -26
236 10
660 95
722 94
549 80
188 28
461 -64
849 -8
188 -61
668 -48
707 -32
562 -14
959 -20
538 53
279 29
983 -77
310 99
525 67
523 61
286 -84
117 -50
133 31
967 81
576 32
623 -50
464 86
420 -86
324 -94
449 81
1 -67
241 81
884 49
905 67
113 67
435 -13
141 92
55 22
251 60
305 -76
901 93
916 82
866 80
760 70
720 -71
402 49
230 86
539 -50
444 86
859 -69
72 85
655 -41
991 45
486 -90
218 -1
334 1
469 -23
22 -50
787 31
465 -77
126 -22
21 87
466 17
571 26
880 44
593 -8
856 -93
634 86
705 -38
188 -30
619 -49
208 54
808 -90
402 -85
89 64
75 -37
196 95
854 -17
954 27
97 -84
309 44
557 63
137 42
839 -80
619 -46
510 -13
684 -100
755 -75
300 54
377 -44
723 -92
288 -6
842 -55
383 96
925 6
538 90
284 47
58 -56
778 -55
274 -85
276 52
798 -21
892 32
674 30
713 89
655 64
631 -60
948 89
62 -77
12 78
660 -43
256 37
67 19
547 64
968 70
996 30
259 -27
542 82
179 5
144 -95
710 72
310 52
118 78
402 27
919 59
887 -63
228 -95
542 86
465 72
140 -76
365 -46
410 -43
398 94
275 -10
999 -61
24 -16
521 36
379 33
358 -62
948 14
837 -85
884 20
861 55
672 -30
269 -67
902 80
758 96
781 -35
446 4
14 -33
607 39
997 61
474 -22
606 -80
461 -97
126 89
950 -37
429 41
550 -92
496 -38
159 85
142 -82
210 29
298 -20
137 -100
92 81
354 35
465 -36
40 65
205 92
380 -55
842 -56
258 59
789 -66
558 26
354 91
836 1
158 -67
801 -49
51 71
701 -98
902 -70
664 -79
232 48
129 98
209 22
113 56
516 68
279 -33
520 -60
19 -56
735 -50
933 -12
298 44
617 98
162 -4
466 -47
729 -59
167 71
93 89
605 42
695 -27
611 2
438 22
276 47
825 43
845 -73
965 -95
216 -91
243 42
570 -88
468 5
991 -71
494 2
70 49
355 -18
114 -25
295 58
377 -92
828 4
233 99
378 79
859 -92
484 -34
188 -4
766 -86
459 -45
803 79
811 -13
281 -3
132 32
589 -57
456 -82
799 12
441 53
513 -17
292 5
702 86
4 59
217 96
992 98
549 -32
178 6
362 70
501 -60
389 -4
33 20
989 37
630 -51
896 -54
196 -12
591 -97
821 95
833 99
478 -23
782 -17
387 65
635 -47
318 96
916 21
116 91
853 -73
275 99
520 -94
363 93
470 39
368 -64
346 69
922 -61
605 56
642 -33
14 -92
580 10
91 -93
143 -94
869 22
95 -42
965 -25
89 -80
111 -18
549 -45
811 -96
620 -85
836 -6
498 86
798 -86
149 54
557 100
131 94
921 -23
652 -8
774 -37
469 46
862 38
339 67
574 73
691 -74
516 86
527 56
185 -6
997 19
334 -27
390 91
845 24
694 68
887 -62
859 9
859 17
924 -67
444 -79
494 -67
120 85
38 69
698 -55
408 -46
564 56
473 -46
424 82
862 -4
625 35
315 45
568 62
323 71
80 -60
477 12
34 29
395 -17
24 -69
179 83
744 55
998 -45
783 48
565 24
465 39
370 40
549 -48
411 6
343 62
660 -75
406 -34
749 -61
59 56
65 -66
232 -9
561 41
675 60
656 -100
278 31
633 56
713 -27
634 42
387 78
668 -65
215 -100
605 -41
810 54
428 -39
409 86
237 -73
28 80
89 67
588 -61
965 18
395 -74
124 -58
885 34
493 -45
854 -28
414 -14
796 73
988 -11
853 51
617 -22
889 -12
872 -80
16 4
487 -35
23 -86
404 -10
218 11
315 -36
439 32
42 -87
130 37
286 22
895 90
873 -6
908 -43
827 -10
573 17
216 46
405 -4
53 63
942 13
788 -56
13 98
383 -82
563 -58
231 -45
609 8
676 74
509 -60
690 -73
281 -70
257 -24
792 -70
13 -91
230 -60
248 -21
485 -33
100 77
128 68
375 51
460 -77
380 -72
495 -91
328 -9
105 8
446 -85
359 43
626 -84
420 67
940 61
16 58
72 -1
863 2
467 -42
134 54
273 -61
707 94
776 1
13 -75
544 -24
444 -37
790 -78
273 -60
613 -78
934 -30
142 67
917 50
571 53
967 54
528 1
721 -5
812 -67
942 82
42 81
8 -38
555 44
35 12
286 -62
578 69
760 63
160 -83
273 25
383 2
674 30
335 36
874 -25
453 -11
935 33
909 63
112 -84
155 -98
192 -27
719 79
183 -82
381 81
611 -7
796 20
869 89
306 -22
89 81
531 51
184 -77
980 20
378 98
62 99
602 77
551 -80
790 100
733 -52
224 -58
21 62
614 22
7 82
175 -95
145 -72
754 -30
38 -83
593 -17
938 -28
196 48
769 51
247 -19
705 21
860 -34
920 -7
175 -65
430 21
94 -5
634 80
128 89
679 68
962 76
938 -50
668 70
625 -35
507 -58
611 21
734 -41
356 70
458 77
17 27
36 -89
113 58
787 -41
794 -19
22 74
294 20
40 65
811 60
544 -65
61 95
862 25
199 -53
213 78
225 32
389 -59
20 31
941 -77
