714663864
209138641
606477942
0
958723037
691619641
859772532
285889785
537262220
461859766
86481620
0
605081682
62403003
739399055
615880199
111913839
0
641761956
86481620
494137212
587867528
901066820
495226355
700215543
318838879
397386814
795789207
0
0
756057791
452676554
728623746
557436488
244991854
594412141
452841525
21514192
892136368
77534829
660040497
329919522
347662976
997294897
462867927
432575048
880108456
700215543
25318178
0
495226355
981258497
138357256
455811317
821103012
528427751
166399703
714947471
190522440
931463052
175777627
153583117
560777898
0
816899907
106204547
273818991
29028806
683620850
995945183
947149993
424959633
0
389062333
776916095
125555517
990475067
0
337513677
49110056
179300911
212833071
613854940
39059645
342814946
731421866
0
266772924
77534829
22521129
353074662
309576144
50345972
0
0
693221546
855138980
0
0
103221495
35504536
212348043
208705766
251350228
283472718
698066582
629960727
232781097
515352675
975923399
806372171
937855309
494137212
146963774
438761806
0
134828047
29941756
827468829
523885860
836672063
324161383
452841525
0
850887973
870249328
513657497
93983311
656270839
825646068
59301353
0
691413278
444515206
0
983960956
370806243
366955182
427127022
929339893
166641337
294960317
140778936
21514192
452676554
138357256
0
155676171
887240548
0
747468584
953875910
389062333
990475067
327773566
606093121
961822582
123017477
401423519
347648712
164036704
175158745
612750913
874746810
640770160
536528891
166590461
285055851
119502873
489077972
0
0
464885660
614121246
0
192272510
962739395
981043004
816387221
0
808961921
840631579
378200194
89322874
555568773
609092417
252762030
0
637914076
0
0
45820911
816899907
958035538
161728826
230549889
124107666
212650950
45181229
0
364939732
210633753
416727551
23552242
0
497265191
287362142
124665627
0
567480011
0
657508219
98937626
23552242
852719004
811832910
29028806
87774076
0
23552242
418282965
0
460207910
213120777
806755931
306023810
763461999
0
981258497
0
317650292
593086489
596847108
678326335
33395036
929383105
306023810
980361301
562179646
283472718
215100109
340143520
120733846
390682244
773102863
901066820
617936541
676277629
437795654
26459792
269772736
0
155023939
255828976
326753923
189355293
268146157
856135650
401913932
863812688
337670117
651395336
0
689482861
557604511
587078326
868986543
168576917
452676554
597251138
75130381
484926812
621052548
743277427
773102863
0
618087850
179300911
592281232
424959633
895919134
42092505
981645797
0
0
0
188321891
164582850
147927406
0
422718410
452906141
437795654
13413086
366955182
673970213
25318178
49687168
22521129
609092417
782289826
269522334
700002271
588438139
432575048
0
514036220
0
69008562
740063780
622839218
758688792
227979815
297394737
956314325
372897705
0
0
173733180
537262220
401423519
961822582
672106395
468933517
278652156
223288353
0
0
125555517
591925708
876978946
83644977
714947471
719836280
228884718
45181229
0
650954570
188321891
627345091
461860003
250333952
567756491
854022314
398188219
156091350
285055851
612919257
866016696
0
869634961
650954570
827468829
45181229
963513799
811832910
693711528
144349897
775375057
137779030
650973199
29664793
14309273
523885860
227957302
192694546
742180027
329919522
157059650
513676542
957030994
209351018
154124684
290754034
376239281
378200194
682915953
166399703
887240548
929383105
571045310
899578932
476590798
196269133
157185221
0
0
848899917
808961921
929339893
432429147
661149129
667509897
219694657
981043004
650973199
0
963602513
856135650
446907092
0
418566908
335873408
0
0
957030994
906993610
164036704
820636787
479240797
0
13883988
777707509
509667504
808961921
966516120
594866102
401567957
106204547
345700570
41678854
287530684
947149993
269167303
445476896
451465386
0
135777357
408657189
606437711
0
0
592929859
721097266
0
803978760
223363881
146450115
401913932
513657497
0
405443319
223363881
0
727328189
0
855138980
481953579
246066229
956280384
557436488
663579881
408657189
349617955
269522334
580996979
43445793
720191663
997294897
900506032
315808126
705996425
117056618
221525219
544604087
993460472
537199399
383205460
108760965
612750913
245405115
437795654
451454647
572391999
933762216
109292957
550119912
915552890
112873531
938351893
457502617
825175468
86481620
514775606
121530725
0
199737784
0
166590461
0
59301353
857523450
428012272
806372171
856135650
22521129
405443319
89322874
923587651
640391165
295348810
511962961
612750913
416727551
0
0
782289826
0
0
480990523
650954570
166399703
981043004
993252841
322759161
0
676277629
287362142
0
320895182
800518833
0
863812688
376239281
432575048
397386814
427744242
0
640391165
0
29694382
933762216
932298343
0
14294541
50345972
544410562
469146377
427127022
636337028
975923399
885478254
561730486
612208776
576451452
757015141
0
821103012
592929859
451454647
0
64996807
0
341462635
179158197
322759161
910897665
111913839
22521129
0
580996979
369244565
206604775
929383105
564635391
0
0
0
843462241
0
319461929
422718410
462867927
981043004
592281232
863157113
763624513
329489965
270031917
124796147
730528881
401913932
0
871448540
966516120
389062333
863165808
827468829
43600661
274573493
696392689
401423519
112235801
0
481953579
0
802690645
247608846
885585904
873472721
0
33329031
175777627
95871933
13883988
719212335
377671370
0
134828047
50345972
464885660
0
0
945884099
538598398
848409745
106204547
369583152
469646402
443502764
0
167882093
718158940
800518833
489077972
346154956
606477942
281893678
401423519
2013655
451465386
693221546
572708782
354595500
526973473
0
572299636
0
0
179406605
773497403
998375437
196434490
891158887
660040497
0
372897705
175777627
0
0
897459365
283472718
160879448
954224044
657240234
816899907
378060519
575216410
903156949
614121246
251350228
976325135
370806243
721016768
509325513
0
0
721349211
0
983960956
0
544525224
571045310
787763826
0
577838654
13883988
59914487
941273036
827468829
963493101
701202547
536528891
719212335
853373425
77534829
964819374
775375057
884032448
252762030
515352675
28460422
859772532
844276750
720191663
646362051
300434911
650254372
536528891
291058771
564635391
544604087
223288353
236613977
915552890
227979815
863165808
0
42092505
557436488
405194868
567480011
856848933
269772736
981258497
22770547
667509897
747468584
0
695732558
399424152
868986543
93117624
650254372
833225795
86481620
555568773
653666004
627674682
0
56619749
963493101
308810450
160453090
719212335
476590798
674292584
606093121
0
318838879
324161383
15670562
775375057
418282965
0
942520169
189183342
330520908
938351893
195273735
0
0
640770160
120733846
594866102
596847108
810421257
309576144
47685571
547533748
0
308810450
505874477
231108526
123727694
369583152
0
650973199
553479508
831302483
803978760
0
0
280745932
439212354
839748838
235876746
269772736
22721095
824947138
0
336580668
862573943
0
39059645
866945090
560777898
806372171
280745932
0
423733860
354803334
609092417
347662976
179158197
189183342
0
372897705
354595500
114809952
673970213
673852986
622839218
206315007
0
690386425
155575869
191175956
138357256
721349211
627674682
931588346
844624901
329919522
378060519
69787954
989613069
337523430
514775606
910848277
660040497
47685571
945884099
0
227979815
14309273
239890691
498669898
169716139
854022314
0
994133069
675396788
438761806
472270699
579986440
196434490
210633753
847684905
0
777707509
744889961
445838364
494811889
0
621052548
0
33395036
266772924
370806243
452676554
736815403
772246093
124665627
892136368
802690645
246066229
0
0
452841525
0
811574981
554964270
701165751
592281232
348210725
77534829
994133069
796278949
0
472270699
682915953
103221495
825175468
278652156
246842475
884032448
602881228
212650950
714238464
484926812
295348810
392772120
0
137056729
696392689
0
561862787
701202547
806372171
720191663
855138980
0
464885660
196269133
335873408
673970213
937855309
59301353
638094298
963493101
369244565
514036220
116274939
457617804
196269133
0
871784703
656368588
528427751
762953719
69787954
903156949
236613977
0
256762575
294960317
389062333
910897665
691035134
0
596847108
536511867
589944044
587867528
1983033
179406605
57268159
353074662
241929192
983338698
813267011
641082669
342558095
772712482
771405507
0
587867528
230549889
476061836
897966550
0
929383105
987405168
401567957
121325862
49687168
495226355
42092505
850694763
866945090
989613069
0
111913839
759748647
0
33329031
813763340
958269768
246063493
405443319
0
0
926329596
476590798
551904475
961822582
606477942
43600661
336580668
557704835
116465382
188321891
460207910
246066229
803978760
0
319628052
743277427
206640044
656270839
97142584
0
445838364
737184886
0
538598398
596847108
111913839
175777627
140778936
937855309
445476896
348210725
589588607
832880681
682915953
278711397
758688792
568727544
