539317615
286248539
369652647
425325986
397273375
99895194
861779773
0
466122875
943841819
0
767498253
688213683
548559332
967417819
427469802
661679983
170736998
82613009
624971048
172687009
704182737
164405700
856796890
980124190
640011751
524898836
0
502803994
524898836
0
44883507
968928673
712517166
222060969
0
77394063
0
642848678
506490304
0
619207136
0
998148717
20581833
169266942
173802429
568256917
961778720
613246301
431173415
955489723
123539549
0
698586635
951600123
436181038
515416387
871467462
834032593
0
431173415
0
630018946
77394063
42112733
466181686
539408471
619207136
287481870
327252169
0
0
482410518
739200494
534822272
432962189
99895194
644441640
248732566
390721459
842831197
507452271
839927712
630018946
907568284
0
219923662
0
0
724620501
355835996
237165237
686857038
434861782
830782608
375690673
605091566
955135207
585097980
0
466122875
100790575
341905472
4058037
623408484
0
664432994
743693654
344421020
873385112
701506871
372884218
0
860845530
939424326
182444161
523922705
164405700
954563709
713622568
561452230
788922984
931728482
614835590
445240510
614163289
769862527
712846216
170736998
711017312
510463913
299049853
660341636
595388206
736722314
744429436
673097793
95332648
242034362
810315937
459941658
0
487827791
662213913
289139435
585137102
0
0
0
586634314
399711804
432962189
126553723
467829337
105787221
134627321
515435765
339661598
950246249
262464596
0
75115602
821868377
795943997
848778229
302783782
137227849
397273375
616016791
52777736
966266602
117280159
94557422
614835590
0
215426114
844775250
546743584
724620501
506589693
570618282
707405650
580959584
64528996
0
85891314
955816563
580959584
686857038
724337079
0
260623321
93949258
801177339
513944955
201487028
450982159
805771244
746507180
677603245
789596103
0
181307952
951143358
0
373209525
0
654834321
390387374
270741794
252205606
595740228
372884218
6518
100790575
519880654
147197907
625930056
837693687
148607231
0
222060969
0
117934253
584052329
91948397
94557422
933754396
372402361
850326367
757203251
159837829
903645048
177651787
386436322
907042014
804172207
0
214997749
0
397273375
779777638
261419823
902776684
586634314
348396963
256959100
539986484
697850733
95734757
781519746
645642743
611973962
313147467
342211262
992809671
326663223
907568284
0
537971039
339819419
834570179
631965277
631965277
224352845
334265695
899732390
222467611
2271751
409163547
837693687
535714803
7034312
515773644
401324855
234987849
479394924
633209349
302783782
841290673
306251643
0
644441640
0
725008207
390387374
406197259
953216015
918938906
778947607
912996077
688213683
616192105
317605614
101623831
149196462
20581833
627309936
935343834
77623330
0
838893732
619207136
455541438
788922984
148607231
25442193
0
0
4058037
364614149
286248539
115365254
614697460
533241598
59415667
170830287
154932986
372884218
0
190169587
641484834
778947607
244881445
654834321
361483676
224352845
0
437562035
222060969
98429702
731098452
243995398
149196462
0
710982542
743739129
770790806
97107744
0
515416387
0
777830242
20032852
695239076
967039367
744917024
180126787
585137102
0
92147258
973897542
821868377
25261761
267186297
390721459
687979425
814650887
479394924
87672459
0
173255725
170830287
434861782
724847556
169266942
702589246
285606897
301410872
613246301
400152389
933161920
0
48425717
163772879
764961950
661679983
302970976
0
0
462709349
707405650
608496449
287481870
640519352
344421020
0
316055039
736722314
671786313
737879885
177651787
960576386
951600123
0
0
0
0
778565989
563356986
101947913
140786870
102943680
341905472
533241598
775641303
613666633
556334343
406919056
216644293
671637199
206990183
555004566
425424820
194136753
358251516
724620501
431812475
0
504961583
201487028
230721163
611973962
372402361
805771244
546699094
173802429
225207845
224352845
48425717
789596103
912403300
219191755
704486002
252205606
964772512
866289056
0
377302820
494789117
0
891945455
558546865
1900130
619140417
654549970
0
207882094
56445057
731098452
260870199
515416387
881792467
85370734
170736998
837892068
424236515
665381097
164482805
611973962
327252169
939424326
821868377
9968197
0
964772512
0
0
758853391
409311653
219923662
703859440
961203468
731098452
587381075
284712220
966237706
723806055
361483676
976951095
550003962
998499779
115211981
909229299
204627668
0
0
711289836
934000141
198416569
0
798068259
968928673
21938765
853831012
789596103
546699094
58950090
162653202
331698183
658657638
904051074
0
827965927
117280159
358251516
466181686
479394924
230721163
901984877
416183571
64528996
743798660
557715306
550084935
588417932
0
733670255
181307952
356000049
932566257
868193405
560884548
115834210
938508860
55810
0
0
654764658
0
0
968928673
391398253
0
0
387913662
398811324
319468834
983655563
0
390877272
470953918
968779411
676966100
0
423595338
125728080
961203468
198416569
638653233
940830867
0
0
361483676
30576083
934000141
537340753
355949030
983655563
323579313
799328797
77394063
413692390
0
0
84857098
170736998
626009278
907568284
849082859
94557422
0
567847859
799328797
150858234
332057871
300250729
45687354
1314337
691837574
249418634
741044288
799829370
242034362
634119584
0
605091566
0
570721011
711289836
607649953
834032593
758853391
424989768
0
448017061
897784309
339819419
388594668
85370734
20032852
85891314
234822014
671786313
841290673
541969659
0
795943997
0
865076122
467731766
920609358
965804239
0
320141452
291848300
654915815
137956439
0
962948286
946401495
97079978
934000141
481681415
946401495
580959584
938508860
0
568990023
946401495
326252906
0
740592418
298340611
0
568256917
62021305
0
85370734
539986484
355835996
746507180
539408471
213772749
907042014
737953263
67501522
36726025
853831012
688213683
931985447
816737411
341372994
962092552
251119319
725063146
711289836
533241598
630110867
234987849
0
471671923
388594668
0
779777638
447498371
967039367
415915041
142349531
707405650
952964812
115211981
0
0
955816563
0
0
156719684
219923662
0
0
164482805
0
0
61930296
0
0
256398696
913624990
0
738158254
193366162
27444097
850368526
897784309
136776503
468944486
615781635
0
0
77394063
234987849
614835590
603525803
880386538
149196462
182271014
390721459
709843344
929363894
222467611
458857187
105143620
0
965804239
853831012
346391757
778947607
910053057
0
457793419
174604796
630110867
309641718
613246301
390387374
207888074
520710421
743693654
0
319468834
834032593
225207845
0
814786552
962092552
159837829
0
132240413
0
215729667
980124190
315178007
0
334265695
788922984
788378631
193366162
0
996545168
7783356
767498253
306974384
0
757203251
814786552
834479061
0
541969659
934469806
60593717
518758224
75398949
734236664
271452707
187269693
535714803
585026679
829777466
644441640
101947913
633209349
20581833
119943610
216644293
164482805
756052553
352405751
377510915
607649953
709843344
963461836
59415667
364614149
0
616192105
406197259
807248374
0
702589246
59415667
577772466
219191755
230721163
0
627620029
461237931
570618282
102943680
880386538
30576083
869125673
973731609
215729667
764892035
624971048
941772986
213772749
630068744
951600123
346391757
980353755
42112733
540079768
458857187
292642987
398811324
28316009
147197907
788922984
957628227
877184297
704182737
834479061
537971039
120213154
398444452
712517166
0
818248005
0
968527502
973571451
272579479
65082986
0
0
7783356
0
608496449
623408484
261419823
0
65082986
910391727
123631136
827965927
533241598
227007737
246138414
955489723
391398253
206443987
38472128
610832111
615781635
214997749
711272803
519880654
968779411
361483676
850368526
491360427
0
183646292
671786313
162653202
20683703
550003962
21227178
207036880
0
207888074
628470055
0
585137102
687979425
76780795
614835590
0
261419823
0
970512178
0
0
884866185
0
746707520
313147467
285606897
616016791
206990183
226231378
506589693
882021357
134414763
799829370
0
798068259
777000884
504961583
180126787
563356986
0
218202006
737879885
820275296
207036880
0
882021357
183646292
302970976
520265945
513944955
348396963
0
292007136
940830867
360314175
97107744
998148717
583068556
0
577772466
0
901984877
104072726
448120491
614697460
145118292
358251516
0
724620501
0
445407591
638653233
0
110917796
744429436
256959100
377302820
581193942
388763629
558546865
910358584
577772466
647509821
799829370
150005559
827867399
647509821
0
415915041
91948397
955135207
119943610
450982159
372651260
573167696
6518
965804239
431812475
764961950
770316834
306974384
630068744
737879885
0
360885744
163772879
901287269
115211981
0
782685585
0
133442852
36118476
965072019
424402019
775641303
748958645
568481573
866289056
401324855
838893732
654834321
940830867
140786870
284712220
0
577772466
0
718714098
608496449
431173415
826320149
466181686
0
724337079
