621147360
931440739
363611112
0
583003560
308763159
707862232
779837890
461161807
897798304
684355400
0
4170902
981889724
0
10107617
153926106
265071337
0
379316227
258858045
6947079
815617695
134667641
289307899
891277029
518548887
338755257
846676827
78941050
456427349
104211396
908622168
261004539
943463131
543293245
59519175
338556442
857062040
45181794
284418405
441253401
927312045
0
744217096
681017373
149995054
656038281
0
876379421
414780681
0
914371624
604698214
787518399
0
432557473
0
820709085
192058347
670598437
371761486
0
540311956
870978627
252950914
0
617765757
316434829
833827962
753114567
483410847
619268496
266152789
0
152990338
579947907
453026323
18986051
151295735
922396657
0
423238300
578688670
928928706
648185082
50544958
0
316434829
177548416
199977535
0
675941279
650212882
712072612
924718037
869892631
0
189955805
61818822
836685578
473949218
0
704623110
225400402
43293565
380150458
804501087
472956890
363786807
621147360
380445957
330995191
453554053
777024621
922780226
391732955
321022480
142712781
747973896
28697298
342121575
716962126
709546716
823804823
24301999
0
791876243
628275196
98216445
494317309
969414836
617061811
954155389
193220217
623385577
829572737
0
190664694
317667330
516416580
984410424
384948900
444580854
155441250
820412728
0
199977535
70671340
110440794
647642021
646346867
0
903779940
560735833
330995191
867996162
0
0
900342652
825732429
845800315
201211809
542361593
288205739
670598437
115352925
796955447
0
901814591
347363894
733077426
0
832766552
44218698
559271450
977609894
617151167
710435680
607171472
304007878
756217985
644918201
341433814
200621880
587841746
417457133
170263476
78287177
207635074
0
0
130892430
932773479
0
584044782
0
335210587
0
575571113
948922283
659752565
778867139
922767862
0
388716147
753691637
488917766
931440739
598875101
842894132
946422556
805965779
903184275
756414758
94969626
732530456
375452515
170625140
784485842
0
832872840
547091757
0
116633830
487868958
0
348692786
33737205
404028717
65276124
537676574
440844998
766144464
278167493
701118596
386833339
943757259
0
0
667535803
573178926
0
697492508
483608577
0
624877446
62596450
157484835
426863870
947900237
708629234
0
843598857
958591742
39568203
620921076
120843836
707862232
685708706
150089620
911743877
590590681
432557473
896423795
750162145
453224572
0
465338825
448759450
234252197
60948768
463811171
430608560
0
343257343
18548824
719495868
294242510
824130729
0
614927868
383960055
97147663
908403530
619268496
300277065
147296699
572761726
518945558
772337094
634909703
617765757
852824661
439624154
969601432
676335334
119277652
614509284
180629105
0
0
335788106
0
0
938962978
400216487
211278502
594609508
776974537
288963113
118234248
573066417
244984485
485326396
779294415
304007878
0
423255202
234407999
903411334
692275668
813826972
947900237
545170438
121470389
374638624
0
0
177461595
668939005
541607452
482068337
938427300
863436236
482800693
600199325
0
552888825
469042907
0
75980679
455377312
784485842
90625872
877566856
704790798
784433676
738110973
640027117
676127498
726863916
0
713228220
84223836
292642528
101276220
953173329
765216721
791495484
402704590
0
0
945396053
282267420
984354415
91241628
636335694
560064462
0
452575787
258078101
102046199
183536675
733446985
391318056
598226041
469799973
19071241
949021022
766455051
107327447
0
518171985
0
370406341
527504284
33570904
634821885
203218398
655258956
312620730
111554195
652411695
670598437
368808178
318593203
528683911
200465108
149408470
194050434
0
468740059
666912301
787351467
910765542
774866533
823804823
570910746
304007878
24712291
563215839
527444098
74905602
284276612
263453367
0
318163115
791416404
831949107
995648165
321004293
7815916
0
0
297450921
363726855
480499136
735546030
0
667325797
705404032
251280386
174579141
656542854
873519692
790542569
77878462
908189452
217045553
611306477
720917024
965453223
398109771
0
350580497
818859764
302638689
316434829
287337803
0
82577663
0
1505691
234407999
202992704
743986622
382812783
141484892
391251980
784771804
763248409
705715109
370184157
37062363
649103231
499816422
0
506981008
833301879
685342197
0
744217096
614569992
969414836
273594272
953882917
15677592
456427349
0
0
91720455
512107927
628966659
427101012
187925371
640880167
73388467
940901706
287628374
549312180
0
811601292
0
854463533
283377532
48698262
292549695
0
645401057
43994363
0
543811605
435576084
946422556
16219228
269680104
857022493
236997606
605636333
608353746
629835385
734087074
383534342
388480059
422562491
302743993
0
453554053
94456679
0
582808104
918206165
536148063
852824661
704107178
596194081
739700327
443428666
221753977
636010833
0
796338281
778867139
400693804
194834120
877012636
62292184
371413561
68932707
777317067
207113908
0
755334501
0
636010833
0
620921076
0
858671215
0
186682856
861762156
705397294
925342973
59506780
514323507
0
287356489
6947079
0
354950245
0
127389164
500702200
743985234
327512818
0
179357524
324976376
579432562
66054945
0
890584446
0
224773291
856988930
0
196148004
410544452
891914080
744792126
987924591
165720735
656542854
48698262
530740330
821372885
952596654
0
0
24301999
984570594
717005957
0
155401122
583436041
444580854
728511671
985050530
813024309
148642684
97163503
0
904993763
181343279
168926320
201228516
947150547
153420279
777932971
232736758
24130296
53590031
30950706
939489362
247435318
124953361
501525501
179987583
922220841
770577783
909982201
918964251
0
520017954
286101757
537676574
0
187232456
0
612101663
101731111
0
300277065
0
817161359
820412728
258234719
207679403
0
891953593
374715638
593820319
528908500
715016070
900908917
462378857
389671323
504075946
0
165340373
72564957
791416404
966140893
891422007
774207965
0
568554953
0
132558981
644554108
885302780
944408852
0
0
756217985
663565754
247435318
302273647
0
392676223
457057068
144781971
425701770
739298529
444662109
341433814
227648093
0
904495300
512554060
740999474
511914337
128262823
296405621
172488826
822023053
447141238
501701884
0
10457542
84072112
534270780
944373889
212319860
191396712
233940288
835745735
989231521
655702536
167743712
848441596
524688917
710435680
185100465
0
377971829
346733356
242916402
188022082
53625465
465314145
0
909014894
823200126
414780681
107090681
684278763
605099844
310834854
0
0
162120724
535509602
397122454
10599060
0
470209729
376008583
0
395095715
224177818
803105293
979387419
936696331
262975414
568461758
225039154
393710045
450103899
0
191702680
945202962
213669295
75341591
723754533
944453113
792368778
401185722
874958144
0
300113140
520017954
861117741
244998873
789154582
548723018
844231631
889338364
70529985
721048368
158931175
491889464
59506780
452261110
394657556
902761045
50405540
17872938
0
442332077
854463533
0
242704177
596194081
0
655702536
398935782
0
970478577
793973434
145140765
647095002
755236090
314994026
266664185
46213353
0
972850256
555771942
804264898
447812065
85252382
715016070
815549419
644554108
206490663
628966659
752119717
0
88957
306403565
8551094
179769119
252950914
739297738
597167080
149408470
186209495
340081495
142712781
0
0
617151167
795884558
689419810
636285288
452261110
304007878
378293639
690151899
193475420
832766552
378376442
435533656
306189209
0
692787274
430210699
560329617
148642684
0
650614090
810502437
106529902
57668898
458528521
631130517
486918687
203995853
756403314
0
339068819
682646461
0
702031785
228870220
587124187
121470389
710260915
197794137
461964596
60722854
453899696
208673637
764846006
385141717
0
680642316
736849632
221753977
576602022
0
338755257
27313917
928612909
0
0
0
485818679
535201684
788721528
72504406
415599698
0
0
739240091
632011002
218424426
480245702
261973991
21187691
645896340
0
188133476
690238432
979063524
685270823
938826461
447388754
59814548
618443786
949770408
347308720
944380201
321375839
567530788
0
0
88933102
555388570
869614836
0
200813733
79531421
741034524
0
786242196
0
930197719
0
11920518
470511619
971504697
0
977851347
465240832
453042082
878257878
751619160
730882684
0
706321037
229066860
320313870
453152562
998033798
681108276
656038281
770577783
0
0
905494026
836608304
901036229
79363073
476917139
765610844
0
0
819312251
374190844
42322220
839902937
0
455020630
0
532126391
343901818
276570076
572224600
340000497
332666622
739297738
0
520754451
39568203
437796129
896081984
491861234
453857688
847291773
166126409
390963856
205990781
377315422
697492508
334990085
542361593
105057518
491428248
0
281323205
381984228
552532131
506981008
607110399
943949094
549205513
617174716
716001146
679463478
388743685
854420689
735391304
6877703
327512818
816437610
282369620
273614131
602232344
281323205
392412509
929615990
0
522317359
731405180
645536556
841274005
