1000 16 1000
0101100010010000
1000111011001101
1101001111111010
1110101100010001
0101100000000101
1010011110111111
0111111110011010
0010110101111100
1010100000111110
1000110000011010
1110010100011111
0001000111110111
1010011110110100
1100010011000100
1111110111100011
0111011101100111
1000111111111011
0100010000100100
0010001110010110
0001110110101001
0000110111010011
1111001001111111
0010111111001100
0001111110000101
1101011001110000
0010101001011011
0111101101100011
0001010000111000
1111111000000001
1111010011000101
0111001100011011
0000001110101001
0011110101101100
1100001101110101
1010001010101110
0101111111111100
1110110001110110
0110100100000010
0001111100011101
1111111010111010
0111000001101100
1111111110011111
1110001110001111
0101010100011100
1011011000110110
1011011001111010
0110010111111100
0111010010100100
1100100001101001
0010011010111100
0001011110110111
0111001100101111
1100100011011011
0001011000100111
1111010001100011
1101101001000011
0010101101110111
0111000001111000
1100000101111000
0101000010000000
0010010101110100
0111001110110011
0111000010000100
1000111111110010
1111100100110011
1000110101111000
1010011100110111
1111001101011000
1010011000001001
1100001000110001
0100000010101001
0101100100011100
0000011110111001
1001101110000101
1011001101110100
0011000000000111
1001101011010000
0111010000111101
1100101100001001
1001111001111010
0101001010101111
0001100110100011
1001110011100110
0100010000100011
1011111000111010
1101110110000001
1011010111101100
0001001011100001
0111001100001011
1110110100101000
1111110010110111
1101111100010110
0000001110100001
0101001101011101
0110100100110011
1101011100000101
1110100100000000
0110001110010010
0011111010001010
0001110100101111
1000010000111110
0001111110110111
1111001110110001
1011110011010010
1001101110110110
0010100000001101
0110101110001010
0100110011001100
0110101111101110
1001101001100001
0011110011100101
1001110011110110
1011010111100110
0100001101111101
1100101110010001
0010101001100100
1110010111101000
0111010000100001
0101100011111000
0001001100001111
1100011000100000
1011100100100011
0101111110000111
0010101001011100
1001001000011111
1000101001100001
1100110101011100
0100001001010010
1000000011100111
1001110011001111
0110000110000001
0011010110000111
0000010101010111
0110010111100110
1011010011011100
1000100111100100
0100111111001111
1010011010010000
0100010111000001
1100000111101110
1111011110011111
0001111001111000
0010010011010111
1111010001000100
1011001111001100
1010001000000010
1001101101110100
0111010100110010
0100101001101010
0000101111000001
1011110100100000
0001101010001110
0101010011110101
1111011001000000
1001101111100101
1011100010101001
1010000011111001
1111100000000111
0000101101010100
1001011000010001
0000011000011110
0010111010100010
0101010010010100
1101000110101100
0011101111000011
0111111101110101
0000110001101011
0100010110001001
1111010010001100
0001110011111000
1100110101100000
1011011010101100
1000100110001111
0100111000001100
1011101101110111
0010111011101000
1110000001100110
1111000010101001
0011010111101111
0101000101001100
1010011000000111
1111100011001011
0101110001101110
0010111111000101
0110111100100100
1111100000100111
0001000010011000
1101100011111100
1100101000111011
0100101110101001
1110001001110101
1010010001111000
0101101001101110
0001101000111100
1111000011001011
0010010110011000
0110111110001011
1111011101101101
1100011000000011
0110110101010101
0110010011100001
1011000000000000
0101000100111011
0011101010110110
0111101001100011
0100110110001100
1110000000100011
1101010100000000
1001101011101100
0100000011001101
1111011000101100
1010000001101010
0101000010110111
1000111001010110
0000010000011011
1011001011111000
0100010111100000
0000000000101110
1010100100111111
1101100000100111
1110001010001001
1111100100100100
1010100010111011
0001111111110001
1001111010011111
1001010010000110
1010110000010000
1101010111001111
1111000001101011
0001101000100001
1100101111001111
0011110101011100
1100101011011100
1010111000000100
0000111011011111
1101000101001110
0010101110011000
0110011010001000
0110011110111110
0111100011101101
0011110001000100
1101111101101100
1111010001100000
0101001111100111
1001010111111011
1001000000100100
0110101010110011
1111000110010010
1100110111111010
1001011110000100
1000010111101001
0000011011101110
1111101000111011
1000000110110100
0000110101101101
1111000000101001
1000100001100000
1001101101011011
0111011100100101
0010101100111001
1101100101010001
0001111000011010
0111010011001000
0010010001010011
1000011111101011
0101111010010011
0111110001000101
1010110001110000
1011010000111100
1011010010100100
0001111011110111
0000011010001100
1001001100101000
0010001000011100
0011101011001101
0010010110001011
1001001111011110
0101001000110000
0010001010010110
1100110110010000
1001011011101110
0111101100110011
0111001111111111
0110111010110001
0100100010110010
0001100011111010
1101001011000001
1100010010111001
1010101111100000
1110110010001001
1101011110110100
0101111000000101
0100010101001111
1011110000110010
0111100100110111
0100111100110110
1010101011001100
0110010110011111
1110010110010000
1010010001001110
1011011011101000
0101101000011111
0100111111011101
1000000110011110
0111010000001001
1110001100000110
0000010001000110
0100000010111011
1110111101000101
1101110000010111
1110010101001111
1111000111101101
0100101010000001
0101101000100111
0000111110001111
0001110001101010
0001000101001000
0001000111000001
1000100101110110
1011101011000001
1101011000011011
1110001011111001
0000101001011000
1101110110000001
0110000011111111
0111001100000000
1010101111101101
0101111000000110
1110100001010110
0001000011001001
1111100101011101
1010011010110111
0111011110100100
1100000001111101
1011110000101110
1010100101001001
0111010110101101
1110011010110100
0111010101001001
0011001101100001
1101100001011101
0111101000101010
0000101001111001
0001001101011111
1111110011010010
0101100001111001
1100001000001110
0101011100110111
1010000110101101
0000101101110011
1011111010111111
0000001100011011
0100100011111011
0110011110010100
1011011101011011
0001100001100100
0001111101000110
0100111111100010
0101011101110010
0110101000110010
1111110101001000
0101101000101110
1100011000011111
0100011110001011
1101011010110010
0001101010010101
0110101100011101
0010011110000111
0110000111100001
1000100010111001
0100100011101101
0110001011100100
1101111011000111
1100000011010100
1011100010010010
0001110100111100
1011100111100011
1111110101010101
1111111010010011
1000101111011101
1101001011110111
1101011101111010
0001001110000100
0010111101110001
1011111011010010
0111110010000000
0111000111010100
1010010100100110
1000001000111000
1110011101110101
0011011000111011
0100110011101010
0100101001001100
0111001100101010
1100110000001010
1100110011000100
1010100111010111
0001000100010011
0010001100101011
1010011111000000
0010001101100001
0011111011011101
1111101001101111
1010111000111101
1011010010101111
0110000001010100
1000000110100111
1000110110011101
1010111010100000
1010011101101101
0001011001110001
1110000001001011
0101110011011001
0101010010011000
0111110011101011
1100000110010000
1011000111111101
1100110110110001
1110001010100011
0000101110011100
1110011001000010
0101011111011011
0110111100110011
0011011001111001
0111100000001001
1001010111010000
1011111100001011
0110110110111101
1110111101010100
1010101101111101
0100101011010000
0110100000001011
0000111110100110
1111011001001110
1111011010101110
1001100110101001
0001111010011001
0111010100100000
1001001110100011
0010010000111011
0100101110111011
0001100010011000
0100011001110011
1111001111100111
0001101111000011
1011010101001011
1101010001001000
0111111010101010
1100101101011110
1001100111000111
1001000000101110
1001110101011000
1110100001001101
1111110000001111
1001010001100111
1110100000010010
1011000001101100
1111111000010001
1100111111110100
1001011110000001
0000100010000101
1101100001000010
1001101110111011
0000100011000110
1101010110111011
1111001010001100
1111001000010011
1000111101011110
0010110110001111
0000010100110000
0100010011010110
0101111100111111
1001111011100001
0100010011000100
1000110110011011
0101101100101011
1110100110101010
0111011010010011
0000110101110000
0100111111011110
0000100101001000
0010110011001101
0100000100011110
1111011010111010
1111111100111000
0101011011001100
1000101111011101
0110001000011100
0111011100000000
1100110111011101
0101000001010100
1100000111010001
0011101000111101
0011100110110101
1101111100110011
1100110010101001
1001110000110101
0111101110011011
1011000000110111
0101111011011110
1001011111100010
0110111110010101
1111101111101101
0111111101000011
0001110111011011
0100000100100100
0000010010000000
1111111111110111
0000000000011000
0010000100000001
1111101111111111
0000000000000000
0001001000000100
0000000000000000
0000000001000000
1111111111111111
1101111111111111
1111111111110111
0000000000000000
1110111111111111
0100000000000000
1111111111111111
1111111111111111
1111111111111111
1111111111111111
1111111111111111
0000000000000000
1101111111111111
0000000000000001
1110111111111111
0000000000000000
0100000000000000
0100000000100000
0000000000000000
1111011111111111
1111111111111111
1111111111111111
0000000000001000
1111111111111111
1111111111111111
0000000000000000
0000000000000000
1111111111111111
1111111111111111
1111111111111111
0000000000000000
1111111111111111
0000000000000000
0000000000000000
1111111111011111
1111111111111111
0000000000000000
1111111111011111
1111111111111111
1111111111111111
1111111111111111
0000000000000000
1111111111111111
1111111101111111
0000000000000000
0100000000000000
0001000000000000
0000000000000000
0000000000000000
0010000010001000
0000000000000000
1111111111111111
0000000000000000
0000000000000000
0000000000000000
1111111111111111
1111111111111111
1111111111111111
1111111110111111
0000000000000000
1111111111111111
1111111111111111
1111111111111111
0000000000010110
0000000000000000
1111111111111111
1111111111111111
1111111111111111
0000000000000000
1111111111111111
1111111111111111
0000000000000000
1111111111111111
0000000000000000
0000000000000000
0000000000000000
0000000000000000
0000000000000000
1111111111111111
0000000000000010
0000000000000000
0000001000000000
0000000000000000
0000000100000000
0000000000000000
1111111111111111
0000000000000000
1111111111111111
0000000000000000
0000000000000000
1111111111111111
0000000000000000
1111111111111111
0000000000000100
0000000000000000
0000000000000000
1111111111111111
1111111111111111
1111111111111111
0000000000000000
0000000000000000
1111111111111111
1111111111111111
1111111111111111
0000000000000000
0000000000000000
0000000000000000
1111111111111111
1111111111111111
1111111111111111
1110111111111111
1111111111111111
1111111111111111
0000000000000000
1111111111111111
1111111111111111
0111111111111111
0000000000000000
1111111111111111
1111111111111111
0000000000000000
1111111011111111
0000000000000000
1111111111111111
0000000000000000
0000000000000000
0000000000000000
1111111111111111
1111111111111111
1111111111111111
1111111111111011
0000000000000000
1111111111111111
0000000000000000
1111111111111111
0000000000000000
1111111111111110
0000000000000000
1111111111111111
0000000000000000
1111111111111111
0000000000000000
0000000000000010
0000000000000000
0000000000000000
1111111111111111
1111111111111111
0000000000000000
1111111111111111
0000000000000000
1111111111111111
1111111111111111
0000000000000000
0000000000000000
0000000000000000
1111111111111111
0000000000000000
0000000000000000
0000000000000000
1111111111111111
1111111111111111
0000000000000000
0000000000000000
1111111111111111
1111111111111111
1111111111111111
0000000000000000
1111111111111111
0000000000000000
1111111111111111
1111111111111111
0000010000000000
0000000000000000
1111111111111111
0000000000000000
1111111111111111
1111111111111111
0000000000000000
0000000000000000
1111111111111111
0000000000000000
0010000000000000
0000000000000000
0000000000000000
1111111111111111
0000000000000000
0000000000000000
0000000000000000
1111111111111111
1111111111111111
0000000000000000
1111111111111111
0000000000000000
1111111111111111
1111111110111111
1111111111111111
0000000000000000
1111111111111111
1111111111111111
1111111111111111
0000000000000000
0000000000000000
1111111111111111
0000000000000000
1111111111111111
1111111111111111
0000000000000000
0000000000000000
1111111111111111
0000000000000000
1111111111111111
1111111111111111
1111111111111111
0000000000000000
1111111111111111
0000000000001000
0000000000000000
0000000000000000
0000000000000000
1111111111111111
0000000000000000
1111111111111111
0000000000000000
0000000000000000
0000000000000000
1111111111111111
0000000000000000
0000000000000000
0000000000000000
1111111111111111
1111111111111111
1111111111111111
1111111111111111
0000000000000000
0000000000000000
0000000000000000
0000000000000000
1111111111111111
1111111111111111
1111111111111111
0000000000000000
1111111111111111
1111111111111111
0000000000000000
0000000000001000
0000000000000000
1111111111111111
1111111111111111
0000000000000000
0000000000000000
0000000000000000
1111111111111111
0000000000000000
0000000000000000
0000000000100000
0000000000000000
1111111111111111
0000000000000000
0000000000000000
1111111111111111
1111111111111111
0000000000000000
0000000000000000
1111111111111111
1111111111111111
0000000000000000
0000000000000000
1111111111111111
1111111111111111
1111111111111111
1111111011111111
1111111111111111
0000000000000000
1111111111111111
0000000000000000
0000000000000000
0010000000000000
1111111111111111
0000000000000000
1111111111111111
0000000000000000
0000000000000000
1111111111111111
0000000000000000
1111111111111111
1111111111111111
1111111111111111
1111111111111111
0000000000000000
1111111111111111
0000000000000000
0000000000000000
1111111111111111
0000000000000000
0000000000000000
0000000000000000
1111111111111111
1111111111111111
1111111111111111
0000000000000000
1111111111111111
1111111111111111
0000000000000000
1111111111111111
1111111111111111
1111111111111111
0000000000000000
1111111111111111
0000000000000000
1111111111111111
0000000000000000
0000000000000000
1111111111111111
1111111111111111
0000000000000000
0000000000000000
1111111111111111
1111111111111111
0000000000000000
0000000000000000
0000000000000000
0000000000000000
0000000000000000
1111111111111111
0000000000000000
0000000000000000
0000001000000000
1111111111111111
0000000000000000
1111111111111111
0000000000000000
1111111111111111
1111111111111111
1111111111111111
1111111111111111
1111111111111111
1111111111111111
1111111111111111
0000000000000000
1111111111111111
0000000000000000
1111111111111111
1111111111111111
0000000000000000
1111111111111111
0000000000000000
1111111111111111
0000000000000000
1111111111111111
0000000000000000
1111111111111111
0000000000000000
1101111111111111
1111111111111111
0000000000000000
1111111111111111
1111111111111111
0000000000000000
0000000000000000
1111111111111111
0000000000000000
1111111111111111
1111111111111111
0000000000000000
1111111111111111
0000000000000000
0000000000000000
0000000000000000
0000000000000000
0000000000000000
1111111111111111
0000000000000000
0000000000000000
0000000000000000
1111111111110111
0000000000000000
0000000000000000
1111111111111111
1111111111111111
1111111111111111
1111111111111111
0000000000000000
1111111111111111
0000000000000000
1111111111111111
1111111111111111
0000000000000000
1111111111111111
1111111111111111
0000000000000000
1111111111111111
1111111111111111
1111111111111111
1111111111111111
1111111111111111
1111111111111111
0000000000000000
1111111111111111
0000000000000000
1111111111111111
1111110111111111
0000000000000000
1111111111111111
1111111111111111
0000000000000000
1111111111111111
0000000000000000
1111111111111111
1111111111111111
0000000000000000
0000000000000000
1111111111111111
0000000000000000
0000000000000000
0000000000000000
1111111111111111
1111111111111111
1111111111111111
1111111111111111
1111111111111111
0000000000000000
1111111111111111
0000000000000000
0000000000000000
1111111111111111
0000000000000000
1111111111111111
1111111111111111
0000000000000000
0000000000000000
0000000000000000
0000000000000000
0000000000000000
0000000000000000
0000000000000000
0000000000000000
1111111111111111
1111111111111111
1111111111111111
1111111111111111
0000000000000000
0000000000000000
0000000000000000
0000000000000000
1111111111111111
1111111111111111
0000000000000000
0000000000000000
0000000000000000
1111111111111111
0000000000000000
1111111111111111
1111111111111111
0000000000000000
1111111111111111
0000000000000000
0000000000000000
0000000000000000
1111111111111111
1111111111111111
1111111111111111
0000000000000000
0000000000000000
1111111111111111
0000000000000000
1111111111111110
1111111111111111
0000000000000000
0000000000000000
1111111111111111
0000000000000000
0000000000000000
0000000000000000
1111111111111111
0000000000000000
1111111111111111
0000000000000000
1111111111111111
1111111111111111
0000000000000000
0000000000000000
1111111111111111
1111111111111111
0000000000000000
0000000000000001
0000000000000000
1111111111111111
1101110011110111
0100110010110011
1000000000000001
1101110010110011
1101110010110011
1101110010110011
0000000000000001
0010000111111110
0100010010110011
1101110111110111
1111110111110111
1101110111110111
0101110010110011
0000010000110011
1111111111111111
0000010000100011
0000000000000001
0000000000000000
0000010000110011
0000010000100001
0000000000000001
1101011101101111
0001011001100111
0000010000110011
0100010010110011
1101110011110111
1111111111111111
0000010010110001
0000010000100001
1111111111111111
0000010000110011
1101110011110111
1111111111111111
0000010000110011
1001000111000011
0000000000100001
0000000000000001
0101110010110011
1101110010110111
1101110111110111
1111111111111111
0000010000110011
0000010000100001
1101110111110111
0000000000000001
1101111101100100
0100010010110011
0000010000100011
0000010000100011
0000000000000001
1101110111110111
0101110010110011
0101110010110011
1111111111111111
0000000000000000
0000000000100001
0100110010110011
1101110011110111
0000010000100011
1101110010110111
0000010000100000
0111110111111111
1111111111111111
0000000000000000
1101110010110011
0000010010110011
1101110010110111
0000010010110011
0000010000100011
0000000000000000
1111111111111111
0000000000100001
0100110010110011
0101110010110011
1101110011110111
1101110111110111
0100010011000100
0101110010110011
0000010000110011
0100110010110011
0100010010110011
0000010010110011
0000000000100001
1111111111111111
1111110111110111
1111111111111111
1101110010110011
0100110010110011
1101110111110111
1011100100001101
0000010010110011
0000010000100001
0000010000100011
0000010000110011
1111110111110111
0000010000100011
0000000000000000
1101110010110011
0000010000100011
0000010000100011
1101110010110011
0000000000000000
1111110111111111
0000010000110011
1111110111111111
0000010010110011
0000010010010011
0000010000110011
0000010000100011
1111011111111010
0000000000000000
0000010000110011
0101110010110011
1111110111110111
0000000000000001
0100010010110011
1101110111110111
1111110111110111
1111110111011111
0000010000100011
0000010000110010
0000010000110011
0000000000000001
0000000000000001
0000000000000000
0000010010110011
1110011110000010
1111111111111111
0000010010110011
0100110010110011
0000010010110011
1101110010110011
0000000000000000
0000010010110011
1111111111111111
0000010000100011
0001001001101111
0000010000110011
1101110111110111
1101110011110111
0000000000000001
0000010000110011
0000000000000000
0000000000100001
0001010010010011
0010111101010111
1111111111101111
1101110010110011
0000000000000001
1111110111110111
0000010000110011
0000010000110011
0101100010110011
1101110010110011
0101101100011100
0100010010110011
0100110010110011
1101110010110111
0100010010110011
0100110010110011
0000000000100001
0000010000100011
0100110010110011
0001111110010010
0000000000100001
0011100111111110
1101110011110111
0000000000100001
1101110010110011
1101110010110111
0100101010110111
1111110111110111
1111110111111111
0111000110000101
1101110010110111
0100010010110011
1101110010110111
0010111100001000
0100110010110011
0000010000100011
1101110010110011
1111110111110111
0000010000100011
1101110010110011
1000101011000100
0000000000000000
0000000000000001
0000000000000001
0000010000100011
0000010000100001
0000010010110011
1000000010110001
1111110111110111
1111111111111111
0000000000100001
0100110010110011
1111111111111111
1111110111110111
1101110010110111
0000010000110011
0000010010110011
0000010000110011
0100110010110011
0000010000100001
1101110010110011
1101110011110111
1111110111111111
1101110011110111
1111111111111111
1101110111110111
0000000000000001
0100010010110011
1101110011110111
0111111001011100
0100010010110011
1111111111111111
0000010010110011
0000000000100001
0000010000110011
0000000000100001
0000010000110011
0101110010110011
1111110111111011
1110001110110011
0000010000100001
0001001111001110
0000010000100001
0000010000100001
0100110010110011
1101100010110111
0000000000000001
0000000000100001
0000010000100001
0000010000100001
0100110010110011
0001011110101011
1000111101000111
0111101101110100
0101110010110011
1101110111110111
0000010000110011
0101110111110111
1000111011011000
1101110011110111
0101110010110011
1101110010100011
1101110111110111
0100010010110011
0000010000110011
1101101110011110
0101110010110011
1101000011111111
0100010010110011
0101110010110011
1101110011110111
1111110111110111
0101110010110011
1111110111111111
0000000000100001
1101110010110011
1101110111110111
1010000101111011
1101110010110011
0110001110011110
0000000000000001
0100010010110011
1111110111110111
1101110111110111
1101110010110111
0000010000100011
1111110111111111
1101110010110011
0000010000100011
1111110111111111
1101110010110111
0000000000000001
1101110111110111
0000000000000001
1111110111111111
0000010010110011
0000000000100001
0000010010110011
1101110010110111
0100110010110011
0100010010110011
0100010010110011
0000010000100001
0000010010110011
0000010000100001
0000000000000000
0100110010110011
1101110010110011
0000000000000000
1111110111110111
0000000000000001
0000001010100110
0000000000000000
0000010000100011
0100010010110011
1101110010110111
0000010000110011
0000010000100011
0000000000000001
1111110111111111
0100110010110011
0000000000100001
1101110010110111
0100010010110011
1101110111110111
0000000000000000
0000010000110011
1101110011110111
1111111111111111
1100110111110111
1111110011010000
0000010000110011
0000000000000001
0000000000000001
1111110111110101
0100110010110011
1101110010110011
0000000000000001
0000000000000000
0000010000100011
0100010010110011
0000000000100001
1101110111110111
0000000000000000
0000010010110011
0000010000100001
0000010000110011
0000011001001101
0000010000110011
0000000000000000
0000000000000000
0000010000110011
0000000000000000
0101110010110011
0000000000100001
0000010010110011
1111110111110111
0000010010110010
0000010010110011
1010101001111100
0000010000100001
0000010000100001
0101011100111111
0000010000100001
1111110111111111
0101110010110011
0100110010110011
0000000000000001
0100010010110011
0000010000100001
0000000000100001
1010111111010101
0000000000000000
0000000000000001
1101110010110011
1111110111110111
1101110111110111
0000010000110011
0000010010110011
0000010000100000
1111110111110111
0000000000000001
0000010000110011
0000010000100011
0000000000000000
1101110010110111
0101110010110011
0000010010110011
1101110010110111
1101110111110111
1100010010110110
0101110010110011
0100010010110011
1101110011110111
1101110111110110
0000010000110011
0000010000100001
0000010000110011
0101110010110011
1111111111111111
1000011100100000
0100110010110011
1101110010110111
0101000001001110
1101110010110111
0000010010110011
0000010000100011
0100010010110011
0000010000110011
1101110111110111
0000000000000001
0000010010110011
0000010000110011
0000010000100011
0000010010110011
1111111111111111
0000010000110011
1101110010110011
1010001000100000
0000010000100001
1101110111110111
1101110111110111
1011111010110011
0000000000100001
1111110111110111
0000000000100001
0000010000110011
1101110010110011
1111110111111111
0000010000100001
0000010000110011
0000000000000001
0000000000100001
1111110111111111
1101110111110111
1010100100100101
0000010000100011
0000010000110011
1101110010110111
1111111111111111
1101110011110111
0000010010110011
0000010010110011
0100110010110011
1111111111111101
1101110010110011
1111110111110111
0000010000100001
0000000000000001
1101110011110111
1101110111110111
0000000000100001
0000010000100001
0000000000000001
1111110111111111
1101110111110111
1000001111010001
0100010010110011
1111111111111111
1101110010110011
0000010000100011
1101110010110111
1111111111111111
0000000000000000
1101110010110011
1101110010110011
0000010010110011
0000000000000000
0000010000100001
1111111111111111
0100010010110011
1101110010110111
0000010010110011
0000010010110011
1111110111110111
0101110010110011
1111110111111111
1101110010110111
0000000000100001
1101110011110111
0000010000100011
1111110011111111
0001100111011010
1111110101111111
0100010010110011
1101110011110111
1101110010110111
0000000000000000
0000010000100001
0000000000100001
1101110010110011
0000010000100001
1111110111111111
1101110010110111
0101110010110011
0000010000110011
1101110010110111
1101110010110111
0000010010110011
0000010000100001
1101110010110011
0000000000100001
1111110111110111
1101110011110111
0000000000000001
0111000000011000
1101110010110011
1110101001110100
1101110010110011
1111110111111111
0000000000100001
1101110010110011
0000010010110011
0000010000100001
0000010000100001
1111110111110111
1101110111110111
0100110010110011
0000010000100001
0000000000000000
1111110111111111
1101110111110111
0100110010110011
1101110011110111
0000000000100001
0000010000110011
0100110010010011
0000000000000001
1101110111110111
0101110010110011
0101110010110011
1111110111110111
1111111111111111
1111111111111111
0100110010110011
0000010000100011
0100110010110011
1101110010110011
1101110111110111
0000010010110011
1101110010110011
0000000000100001
0101110010110011
0000010000100001
1111111111111111
0000000000000001
1101110111110111
0000000000000000
1111110111110111
1101110010110111
0000010000100001
0111101110010010
1111110111110101
1101110011110111
1111111111111111
0000010000110011
0010101111001101
0000000000000001
0100011011110010
1101110011110111
1101110011110111
0000000000000001
1101110010110011
1111110111111111
0000000000100001
0100010010110011
0000010000100011
1101110010110011
1111111111111111
1101110011110111
1111110111111111
0000010010110011
1101110011110111
1101110111110111
0000000000100001
0000000000100001
0000000000000000
0100010010110011
1101110111110111
1111111111111111
1101110010110111
0101110010110011
0000010000100001
0000000000000001
0000000000000001
0000010010110011
0000000000100001
1111111111111111
1101110011110111
0000010010110011
0000000000000001
1101110111110111
0000010000110011
0000000000100001
0101000010101110
0000000000000000
1111110111110111
0011101111100110
1101110011110111
0100010010110011
0001101001111010
1100101010000010
0000010000100011
0000010000110011
0000000000100001
0000010000110011
1111110111111111
0000000000000000
0000010010110011
1000010001100000
1110100010001110
1111111111111111
1101110111110111
1101110010110011
1101110011110111
0101110010110011
0000000000100001
0100110010110011
1111110111111111
0000010000100011
0000010000100001
0000000000000001
1101110111110111
1101110111110111
1101110010110011
1101110010110001
0000010000110011
0000010000100001
0000000000000000
0000010010110011
0000000000100001
1111111110110010
0000000000100001
0000000000100001
1111110111111110
1111110111110111
0001110010110011
0000010000100001
0100010010110011
0000010000110011
1111110111111111
0100010010110011
1101110010110011
1101110010110111
0000010000100001
1101110010110111
1101110111110111
1111110111111111
0000010010110011
0100110010110011
0000000000000000
0100110010110011
0101110010110011
0000010000100001
0101110010110011
1111110111111111
0000010000110011
0101110010110011
1111110111110111
0101010010010111
0101110010100011
1111110111001110
0000010000100011
0000010000110011
0000000000000000
1111110111110111
0000000000000000
0000010000100011
1101110111110111
1111111111111111
1001110011110111
1101110010110111
0011000111100000
1111110011110111
0000010000100011
1011001111111101
0100110010110011
1101110010110011
0000000000000001
1101110010110111
0000000000000000
1101110010110111
0000000000000001
0000000000000001
0101100101110010
0101000101100001
1101110111110111
1101110111110111
0100010010110011
1111111111111111
0000010000100001
0000010000110011
0000010000110011
0110000010000001
0000000010110011
1111110111111111
0101100010110011
0000010000110011
1101110011110111
0100110010110011
1010010011110000
1000010111111001
1101110011110111
0100110010110011
0000010000100001
1101110111110111
0000010000110011
0000000000000000
1101110010110111
0000000000100001
0000011011011111
0000010000100001
0100110010110011
0100010010110011
0000010000100011
0000010000100010
0000010000100011
1111110111111111
0000010000100011
1111110111111111
0000000000100001
1111111111111111
0000111111100101
1101110011110111
0000010000100001
1111110111111111
1111111111111111
0000010000100001
1111110111110111
0100110010110011
0000010010110011
0101110010110011
1101110111110111
0010000100101010
0101110010110011
0000000000000000
1101110111110111
1111110111111111
0100011111001011
0000010000100001
0000010010110001
1111000111001000
0000000000000001
1111110111111111
0000000000000001
0100010010110011
1000001100110100
0111110111110111
0000010010110011
0000010000100011
0000010000110011
1101110010110111
0000000000100001
0000000000000001
0101110010110011
1101110111110111
0100010010110011
0000010000110011
0100110010110011
0000000000100001
1111111111111111
0000010010110011
0100110010110011
0000000000100001
0000000000000000
0000010000100011
1101110010110011
0000010000100001
1111101111111111
0000000000000000
1111110111111111
1111110111111111
0000010000110011
0000000000000000
1111110111111111
1101110011110111
0000000000000001
1111110111111111
1101110010110011
0001000101010110
0100110010110011
1111110111110111
1101110010110011
1001110010101001
0100010010110011
1111111111111111
0000000000000001
0101110010110011
1101110010110111
0000000000100001
0100010010110011
0000000000000001
0000000000100001
0000010000100011
0111110001110100
1101110111110111
1101110011110111
0000000000000000
1111110111110111
0000000000000001
1101110010110111
0000000000000000
0000010010110011
0100010010110011
1101110011110111
1101110010110111
0000000000100001
0100010010110011
1101110010110111
0000000000100001
0111110010010111
0000010000100011
1101110111110111
1111110111111111
0000000000000000
1101110010110111
0000010010110011
1111110111111111
0000010000100011
0000000000000000
0000010000110011
1111111111111111
0010010010010111
1001001100010100
0100010010110011
1101110011110111
1111110111110111
1111110111111111
1111110111110111
0000010000100001
0000000000000000
0100110010110011
0110010101010000
0000000000000001
1111110111110111
1101110111110111
0000010010110011
0000000000000001
1101110010110011
1101110011110111
1101110111110111
1000111111000011
0101110010110011
0000010000100001
0000000000100001
1101110010110011
0100110010110011
0100010010110011
1111111111111111
1010000110111000
1111110111110111
0100110010110011
1101110111010111
0101110010110011
0101110010110011
1111111111111111
0000000000100001
1101110010110011
0000010000100001
0111011000100011
0000010000100011
1111110111111111
1001011101110010
1101110010110111
1111110111110111
1111111111111111
1111110111111111
1101110111110111
1101110010110111
1101110010110111
0000000000100001
1100110111110111
1101110010110111
0001011100100011
1101110011110111
0100110010110011
1101110010110011
1001011111100101
1111111111111111
1101110011110111
0100010010110011
1101110111110111
0000010000100001
0000010000110011
0100010010110011
1011001110001110
0101110010110011
1101110010110011
1101110011110111
0111110111111111
0000000000000000
0100010010110011
0000010000100011
1111110111110111
1101110011110111
1111110111110111
1001111100011111
0000010010110011
0100010010110011
1101110111110111
1111011010100000
1101110011110111
0000010000100001
0000000000000000
1101110010110111
0000010000100011
0000000000100001
1101110010110111
0000010010110011
1111110111111111
0100010010110011
0000010000110011
0111101101000101
1101110010110011
0000010000100001
0000000000000000
1111110111100111
0100010010110011
1101110010110111
1111110111110111
0000010010110011
1111111111111111
0000010010110011
1111110111110111
1101110011110111
0000010000100011
0100110010110011
0000000000100001
1101110010110011
1101110111110111
1110110111111111
0000000000000001
1101110011110111
0000010000110011
1101110011110101
0000010010110011
0000000000000001
0100010010110011
0001111100110001
0000010000110011
0100010010110011
0000000000100001
1100110100001011
1011011000110101
0000010000100001
1110011111101100
1101110011110111
0000010000100001
0100110010110011
0100110010110011
1101110011000001
0000010010110011
1111111111111111
1101110010100111
1010101000111101
0000010000100011
0000010000110011
0100110010110011
1111110110111111
0100010010110011
0000000000000000
0000010010110011
1111111111111111
1111110111111111
0000010000100011
0000000000000001
1101110010110011
0000000000000001
1100001101001011
1111110111110111
0101110010110011
0100010010110011
1101110011110111
0101110010110011
0100110010110011
1101110010110011
0100110010110011
1111110111111111
1111110111111111
0000010000100011
0100110010110011
1111110111111111
0000010000100011
0000010010110011
0000010000100011
1111110111110111
0000010000110011
1111111111111111
0000010000100001
0000000000100001
0101110010110011
0101100010110010
0100010010110011
0000000000100001
0000010010110011
0000010000100001
1101110111110111
1101110111110111
1111010000110001
1111111111111111
0000010000110011
1111110111111111
1111111111111111
1111110111110111
0000000000000000
0000010010110011
0000010010110011
1101110111110111
0100110010110011
0000010010110011
0000000000000001
0000000000000000
1101110010110110
1111110111110111
