654245907
294743637
782762565
790835260
0
83164394
502425569
778577661
7867265
625419989
690855182
0
446490678
0
636056215
0
212077492
0
327046796
577348769
482780640
419901865
0
137566488
0
0
962941788
208480332
657297348
920407413
254837290
784077505
0
0
965616959
91005509
251915364
849900033
0
199154490
668408390
485669492
0
140635112
282314859
233044284
0
860150118
407110049
0
414271498
204365407
534258600
0
0
0
321092360
206210169
830519018
124441698
59826209
59286531
244601078
3922511
468114503
70565556
10105704
61725839
511510229
434351732
0
376064023
482780640
67194724
0
241354079
405862880
676586335
305210353
741721934
997920884
241354079
300255226
98582571
686682869
199154490
339410430
793503065
0
434351732
595208754
647295234
558588470
0
281423190
204661915
12369757
589533056
525071941
834752104
522828128
789819058
10105704
115652607
0
823089406
369068826
466024199
151070510
595208754
871351391
191543367
0
368412660
440039309
496673222
290590268
254273816
666473374
504332158
853503470
0
111899305
989589999
739605818
687972574
618078802
852841777
587095162
231900993
172165087
833360958
0
257998963
607892673
525689486
301895151
644362249
0
710685707
368412660
0
757085794
303006827
59097027
824803713
755147707
251139548
611966980
269214394
618078802
149574372
496712679
953262452
0
273449901
866321487
10105704
507205620
13500636
243998591
447180069
630107867
0
37808429
322766532
121663179
120801348
586523110
725985909
204365407
412667356
118300723
184645583
0
109667856
243998591
81421906
592684256
944527746
372339548
255155991
995918127
9597752
784990171
593372410
548893465
969233870
861327105
0
830519018
419901865
535563166
286548889
0
0
560396348
308873553
948010982
919727364
852751026
586214584
971427238
714807107
437196405
231378158
0
148041476
121663179
94029363
317384580
0
691188282
860150118
825931328
0
594346979
722720687
872647379
946174790
361639156
227125828
690855182
549142721
90700666
770423514
392186180
451641409
395510551
560166002
13405381
960891049
552143742
39538518
944212018
165052966
0
720226722
687110172
579391447
242951079
0
618755980
919727364
83532229
218744042
0
485952072
911345792
91005509
0
583576426
841359182
615128541
971427238
979061814
141156109
848452669
705459310
83164394
339410430
984229621
42360897
437259805
189116177
410800278
960208065
172165087
380838414
255235244
897610451
601823688
24619318
345647956
0
24619318
35386726
927218541
409151631
88569908
871719489
530418610
506998395
204365407
361993730
159189032
56117746
700616982
281423190
245043616
121663179
550952969
154094299
609731918
586214584
884087561
887963023
598639404
706038506
247537836
959757518
0
525475802
231024970
83532229
0
166518902
518767746
220012183
575715971
282314859
285673325
828808286
397272266
852841777
32832136
193231915
0
729119466
57830180
0
647871673
407110049
0
233047652
321092360
618078802
0
3633947
282314859
0
610936499
593372410
0
541342191
587931465
580437580
982767
121388142
0
930388752
451641409
83040234
423325287
359621823
0
12369757
33993495
525689486
598639404
45181356
0
254837290
789819058
847482461
261799585
294938786
35386726
470848798
756341218
483929439
466024199
9597752
484314578
400063284
962941788
653650675
963640414
855169573
437196405
208480332
485669492
371333260
828933772
883636378
0
371930233
330820001
13386672
525475802
298124690
666473374
444577107
405133718
731182190
607256568
985552180
549142721
793273680
216375466
990835439
897610451
731182190
83040234
482780640
91064874
74581796
0
858925490
765484341
54049138
70565556
414670896
847482461
361993730
830519018
560396348
0
0
0
286871142
269214394
327046796
538078012
0
340746995
308488030
0
883180223
398199676
448139210
410800278
0
208480332
83040234
567766574
446793059
191543367
535563166
218558460
690855182
848479573
321605297
321605297
670645355
249810370
806008652
0
437259805
939408510
387252452
0
302414862
929042612
59097027
955832395
78107929
368782931
0
236684586
395510551
771355613
618078802
686682869
970452584
0
195158969
200702797
0
182718231
407110049
793503065
150500629
761972267
723505524
506589636
790617719
33993495
808424568
735554617
0
137566488
757085794
395510551
0
0
768725823
658743655
0
932461315
156031195
368412660
69793318
505858111
0
955832395
209695872
669903027
0
15233267
636056215
617227707
982474789
697395700
0
253554063
920847139
302620300
593372410
865242468
922209103
163855903
398199676
329517515
0
499564255
119272688
220247966
722898873
955832395
209695872
821397217
784990171
339410430
191771507
768725823
884087561
984988571
156351529
0
260571706
0
0
834752104
349088496
421295582
118300723
21663055
637772113
808865401
57830180
401828038
15788349
437259805
239843402
329517515
32634201
301417166
185938578
614158243
0
0
0
330985390
0
722451063
0
282737621
91218540
867077594
0
188334204
209695872
7867265
209695872
224636003
839638771
765484341
81421906
852841777
0
0
997920884
787897599
0
0
377729048
922209103
852751026
761105522
0
596098405
174617505
315405924
147866158
191771507
0
0
850130263
903765321
349088496
477890935
13386672
883636378
203429400
378939258
312452260
203429400
444577107
739605818
405862880
0
826452952
0
655136123
811113230
505858111
151797146
361028162
665635918
481890905
292651944
474114759
560635685
408384259
329517515
0
595208754
982767
421295582
0
580437580
0
311934303
607892673
0
856861685
0
212077492
115118678
67194724
560635685
400063284
762902389
849900033
848854665
2101537
423325287
514745558
129900854
345647956
741721934
79210234
90173026
327617100
241354079
241957283
128569561
952707105
392186180
0
390346440
0
412667356
255155991
469190080
330992268
304741525
949993022
535184350
0
0
995769906
371930233
610409743
33993495
0
944101707
865613384
574099426
0
321605297
239514399
79840455
409151631
920413462
666847006
0
999130977
0
239629762
0
0
679472068
909819466
414670896
0
6789248
955832395
688914182
83685765
137566488
0
641945424
587070040
444577107
833809170
964409413
858925490
0
177253583
462939865
930388752
115652607
367811433
55272200
618755980
321074
941346462
165052966
168855540
73969527
303006827
903765321
593197841
304741525
735483196
363827742
586523110
549142721
569058263
542065487
0
99055240
285673325
436127657
163855903
884467996
409647382
83532229
0
558588470
666931233
138656642
35386726
610409743
605432273
605622180
255835476
144259861
171186097
605695399
256594642
919153930
701921817
735554617
369068826
655136123
59826209
0
0
538078012
579391447
146102143
0
952707105
560635685
32605551
410800278
146102143
0
759816724
372557073
237793988
370384577
0
577053492
610936499
0
729207769
962941788
35964433
0
0
652869573
151070510
594985846
511732255
83685765
848452669
930388752
560396348
922209103
370384577
0
186250117
466197666
925528032
0
790617719
0
412832100
576554283
359367443
794582803
328591581
74191589
554655847
32634201
407359354
414271498
535724796
220491894
0
824803713
461536354
161046856
102147315
959757518
159189032
971945033
939408510
154094299
839284721
89895251
168855540
0
962941788
54049138
556882718
925528032
73969527
30276037
560166002
486779617
920413462
118695377
368412660
0
45602849
872647379
316974459
504332158
111899305
437196405
0
457267124
455546804
577053492
105199167
613845041
139838527
765484341
89830617
82545784
522828128
269682088
653105946
502425569
152754156
971945033
168941265
759816724
368782931
684017558
108151330
883180223
212077492
865242468
849900033
161094648
779457063
0
222212296
824803713
615115276
0
861744664
617227707
405202429
714030852
361455498
985552180
535724796
539612848
761972267
0
0
979628951
931456358
0
361168009
872647379
390346440
199185432
746803003
59286531
647871673
0
398199676
834752104
525475802
0
763975728
882259236
579155994
188739485
152754156
794342169
735554617
140635112
0
308488030
932461315
462939865
762902389
56059345
0
0
0
154422138
410800278
369034414
0
547112202
882259236
749972849
625001597
0
728801707
889547737
817061141
32634201
794342169
149095774
0
442979631
447180069
293602365
691188282
719229155
583576426
525689486
592684256
476684144
960208065
855169573
282314859
0
255235244
56059345
652869573
115363892
512514027
128569561
768725823
450994064
359367443
208480332
797965139
944101707
989589999
182718231
367904434
212077492
535724796
666931233
636056215
982474789
529873248
651875527
476684144
967994648
511510229
892674106
86524203
0
0
559359781
903622765
951787282
0
371737693
664834809
644362249
13405381
805975380
0
572678907
254273816
400063284
147866158
888207415
461947941
174617505
973322464
133311298
0
790617719
305210353
0
330992268
579391447
982474789
697395700
91356272
136619084
0
553504966
799171146
963640414
676055298
327046796
601652539
920504131
986800748
90173026
182718231
327046796
782762565
