441872489
208921884
203810130
457905314
45281445
459958033
433045769
690543053
73984238
887079939
334794090
0
662961762
0
0
141891093
794074520
111432275
274034870
750374820
693541831
737491733
262585116
180251071
764661580
31792038
570316499
613306508
0
435458357
997008963
903351888
559377819
0
187912297
100558001
584308293
787441477
0
122518241
0
860325283
420537669
834022902
0
671445839
0
0
0
791187654
890025031
259983209
371056572
674109536
354850339
587265419
0
159601802
958275060
754741927
593007619
92410454
709814755
969225749
762957782
90754769
80748306
835251581
564897781
184399066
613306508
262506272
564443713
671921046
141130178
81690440
879880924
601958391
0
447729807
329703817
0
948122562
435458357
18092942
956019126
884972381
15408997
552838555
763365216
637058409
622700727
821624876
9412472
187922760
208296630
0
0
216553678
165774145
647094069
0
605727348
0
773267164
412154687
0
0
541778673
0
11835157
593399531
613669964
706099004
0
989242212
0
156423474
868658491
0
622700727
322685177
84448396
468660873
625082084
427622733
591122687
510231210
345606511
39638364
0
112626463
0
971503419
657229435
359844219
0
290166922
936731851
781873130
159601802
858588622
569710797
780843893
131037909
147124376
628110310
530126033
624619250
884247900
318082619
316530183
540281290
929387962
784803441
0
217739201
791051448
0
332501991
0
343564368
0
0
158300590
247658316
0
634737882
1304688
301315365
0
354170506
89260378
0
26470832
976696499
660601066
351416341
0
888181456
562224687
89603650
0
293608138
0
224945075
0
562610998
468660873
141130178
886341790
72603768
904479949
110896219
869834860
247885434
988259737
14142646
909024079
95889399
422304788
435458357
80748306
499075496
535620239
0
47369320
641576883
0
530021150
245437478
21613549
457905314
204216398
884306505
794074520
0
447750935
447089346
746417174
863494082
647772437
0
781220323
814745943
205415947
0
587295117
178108796
992280512
605727348
639261030
102946553
102946553
653474648
417908853
341984621
723075686
714737485
387872484
647772437
917811869
805151660
837806679
492855939
794074520
0
0
0
630567415
102946553
650753648
0
0
746417174
8860561
989242212
0
181916662
344662737
867373235
21689021
311801739
0
69232446
499075496
812451062
281454650
679674473
988259737
198482275
879880924
816219857
80748306
862711849
21689021
132879127
318082619
475326442
956804074
38613092
0
292434526
189767472
671445839
0
0
96770311
965638183
213730403
492855939
0
322935882
314606637
91282207
0
559377819
693541831
834845413
261778187
23901576
23234934
337873842
637058409
227147320
980160214
532980233
0
354170506
304011351
379500848
622739548
0
767116857
0
583776784
72546265
204255006
122250024
0
67037939
344662737
0
237660501
178792448
674109536
326666214
801617933
0
11835157
0
814745943
441872489
917811869
188463328
132879127
64919235
605727348
204101365
694613304
454932315
11835157
551460708
814689391
810726197
208296630
899841108
67037939
917073860
837575631
856458269
827232279
521742764
541782362
415005807
96770311
477193173
903479329
0
221178517
290166922
159601802
445682579
0
11835157
706287436
684834928
46521046
102946553
13389170
565516922
400861508
538334175
227133388
615970364
741409441
230030839
676045656
499003687
315256284
735568624
0
0
814745943
92410454
0
334794090
519052240
168106873
782208187
974621378
0
205072163
773278943
354850339
0
622739548
0
325145953
714646964
493176471
516361009
39507469
420733069
345606511
465046928
899841108
162408427
717357398
960184953
480570010
38613092
658878983
0
0
530965587
974621378
519052240
697869306
569710797
0
343564368
623097097
0
205415947
510231210
909513589
1304688
750454063
618825694
0
786127894
436423978
516361009
476444468
0
0
897057528
423671622
917811869
580397684
969655957
969225749
659414998
572799377
0
663673645
0
776482468
791051448
0
83622094
663928483
946482566
980160214
476359053
0
646969602
622700727
0
553063189
650753648
48488773
196762518
35226970
902721004
641576883
676045656
0
767819764
332484612
492855939
431658564
433045769
545610756
520906446
0
507371762
477193173
572799377
447089346
419875137
619255502
0
694613304
84448396
477208329
805005454
110896219
400861508
97871482
38613092
661864276
944117849
841527907
149630565
661864276
150352399
122518241
770384743
0
738883613
156423474
0
837467402
821624876
783493571
316615775
0
466249876
255520411
792964352
868658491
628198923
729496785
213730403
0
659041590
996019372
549028166
814689391
80748306
0
132090914
956019126
870347616
0
546505337
51661086
150899259
850481570
62433992
415005807
305720469
659414998
156423474
359737534
440239206
319778256
9412472
437190048
448081656
321093313
205399053
250072468
869758206
447201740
0
590142410
570420967
46521046
478946937
0
118287887
525115076
301315365
0
480570010
445682579
886881417
448083717
120469759
0
749662460
158567163
787278656
944799074
842075308
690543053
0
556771250
686853113
755727298
541967251
559377819
688874251
862711849
370100503
318082619
556771250
778632403
0
577627599
714737485
841527907
683782128
185763022
974618401
991792416
863677616
0
0
48181160
899841108
564897781
585930730
0
622739548
0
49255057
0
596763317
380517809
110019071
293444606
886341790
97871482
0
737167691
12569187
920463052
653474648
72546265
480356085
626786928
32052524
0
569543242
591122687
498687431
283246203
0
326666214
728833372
991792416
0
12433339
985526521
0
120469759
868049747
182297990
110060267
214548224
936731851
902436804
572799377
447089346
755014087
240560261
815425596
0
0
70494886
706287436
89603650
0
532980233
711360771
863677616
416895583
918157209
235490167
189684553
208921884
0
688874251
178108796
521742764
149630565
517582386
0
964677094
0
0
215771066
903351888
798959074
658878983
988771452
693054851
541778673
891038161
244828879
89882231
465046928
562469536
447201740
215732757
110896219
283246203
737167691
918215557
31792038
419875137
886227806
305720469
264029746
875541624
593355837
149997963
613669964
492855939
0
899676853
348921374
887079939
0
217739201
221738211
805151660
408606541
967556671
112626463
181916662
843522855
875541624
179080759
227147320
0
815425596
0
623841603
938744963
38613092
406473917
189767472
0
667146317
480570010
902436804
149630565
944799074
0
79457017
0
132090914
662668666
651397415
970043403
834022902
987741571
720483486
949768001
918157209
662153414
0
998795564
960184953
525115076
494294880
906289955
843522855
816219857
0
198482275
656242554
237660501
0
0
448081656
84448396
0
224945075
204101365
860325283
185763022
34731657
255455215
162408427
453734033
0
673025873
684834928
21689021
633908985
10878861
906055062
900155177
619255502
559377819
0
0
998795564
938179604
21394471
0
310766036
770384743
451151729
3034669
251204206
0
221178517
428436138
583776784
79457017
613306508
72546265
99590271
282014574
847923421
693054851
615970364
96770311
35906394
0
40651371
26470832
156423474
150352399
62433992
0
938093211
569710797
118287887
184399066
111432275
146040133
688422911
556130962
860325283
308173643
0
791051448
292434526
535451866
0
221738211
0
247885434
133796615
0
415005807
382585297
0
719374524
887079939
0
122518241
532747944
625082084
784803441
396377855
253743721
445682579
0
110019071
820560374
0
103974560
343564368
998795564
253394100
165959638
893250023
481433321
863677616
39507469
35906394
943850244
801498172
907592733
426927610
329703817
713505660
122250024
0
519208036
973568815
596763317
697869306
837806679
530965587
0
185626715
626786928
0
329703817
708837409
435458357
240560261
203026630
0
997008963
847018280
0
382005349
0
235490167
706287436
528192434
749662460
253743721
0
397302176
0
118287887
0
0
780082406
426629921
471010110
398633344
0
694802776
28878188
0
58785505
40651371
564897781
867314082
365661385
149630565
0
492855939
841699848
359836957
0
559377819
664303543
337690293
242749091
706415676
834147782
807653375
952579042
73984238
794074520
115365275
370100503
0
671445839
412154687
251877304
258916547
146040133
625082084
132090914
762931806
468660873
375747761
503624805
784803441
792964352
0
0
293608138
250072468
749743053
215732757
0
396475030
624619250
449268952
735568624
767819764
165204417
588493139
530965587
710252455
97871482
556130962
244828879
115208668
528110699
493176471
141891093
159891784
0
835460111
0
0
58785505
519208036
304011351
449268952
208296630
0
958275060
662961762
673025873
145606483
485332461
215732757
569543242
867373235
0
39638364
0
18813349
664303543
0
615970364
97871482
710252455
0
103974560
477208329
658878983
0
773267164
703903963
0
255520411
0
337690293
690543053
597728006
0
