20 30 1
010100001010100101010101010111
001111111001111100010111111000
011100111101000011111111111001
010110010011100010110110000111
001001100010011111000001101011
000011101011011010100101110011
001100000111001110100101101110
000101111001100111010111110101
000000111010010011010110110011
100111100011100101101111010100
011001101000001010101110100110
110101111101100101110101000100
100101010010010100001000010001
000010101100001010000101000000
000000000000010011000000000000
111011110111101111111111111101
000000000100000110000000000000
111111111111111111111111101101
100000100000000100000000000000
111111011101111111101111111111
100000000100000111000101000000
