349645569
682232555
131502487
925844186
729216670
56429626
0
0
841372429
0
0
48642371
452626412
133952726
882044283
914905873
8172328
698935486
194048997
0
390582741
0
697142283
56434125
504704923
741770747
13149033
722604458
713443367
0
41482463
104841061
693630856
265842014
879030090
255237097
0
231700471
122868040
399016583
303485316
900549408
0
0
614128820
262449580
585596744
0
661620226
209488161
829993644
927202343
948624340
470814102
379139953
0
561568358
94902110
0
300391270
642250628
38580920
649878646
979560519
103506261
391114915
829707060
176364100
0
294049046
692835766
887468117
250947112
403765579
790766895
413587005
412335147
206406682
0
313238174
586992414
700036978
378524637
227586142
686236318
0
276355208
778583707
476983016
991265655
577584380
991879234
521630352
439841716
498625693
631837830
597405193
116706350
196691312
503940351
685372223
709166017
761158738
0
934354906
611541378
409404244
373203033
270331574
233845430
110205974
184746508
0
0
97722869
651678982
201052480
230642530
642232624
615645949
521883858
540473834
845308929
97226026
980059342
813096609
607004082
770231131
477504675
289545218
904027652
739214143
707567424
0
733055074
237734183
268987716
927739348
215062890
744550076
816487718
636706366
893743669
665773487
675306816
465704016
370298053
357609574
0
0
332834171
759000665
111679812
48359185
498222045
601560905
41149717
404633207
926309751
287603910
55704373
889175276
0
81604512
0
830993326
842564337
229655606
744028267
0
9969526
642250628
15420320
224913953
215362727
517867014
0
865948146
146905424
162039204
680222327
124487987
363691542
835126387
22371222
922353425
0
985748407
474885717
696261494
942467710
685119658
0
442439099
517787044
572396936
718202394
438977572
340963523
342514869
0
0
496469601
40014146
832376457
157269019
389224505
0
0
32913797
403842921
558965416
201297485
793573997
388805847
600327827
0
302002675
577065697
982499822
925844186
338708032
722482851
904027652
0
810279921
70223751
697435121
91330917
181570639
733871620
178877689
0
588880013
393247611
606846337
527101544
918211529
961374659
914905873
342916528
179770017
633402524
448711141
788041449
529956521
479794254
124246086
0
443633746
140748322
151463219
0
715587776
0
101115946
874313976
571945940
115895383
0
401941858
146481356
0
0
617041033
77588290
844965896
295540878
854062076
268987716
773908662
428860778
980297294
920355250
639735526
399089610
724840852
0
7328024
545461983
0
801066388
369252839
970593227
724337662
190995386
948817029
131305634
762426105
882207792
0
842760402
850372028
375834040
254059444
735549104
803972485
221998575
930519170
603746546
787321202
980476881
0
581721017
528761807
961374659
948624340
558702314
0
826736492
266259238
535595644
720613498
55714856
0
469378624
313932961
596457961
143716230
265749377
0
874313976
558124857
121716459
465701212
566975028
818931297
388654156
110267531
556296791
0
175760651
465701212
378524637
324796983
645637606
22371222
641985360
524505635
832254892
929441701
786805895
536503664
97567275
0
531392937
375319464
38904574
404757105
899687717
718177307
24124887
687473683
734291724
846554300
156111778
923805426
823755388
325092079
985265697
270080710
814880270
20065593
941550900
63072506
953273886
765557312
0
465516858
665619625
618545267
0
362043457
326990109
688906015
0
839477073
266259238
0
672550069
119780312
354629969
603088488
980487841
0
520502556
707548022
437334978
0
67677635
942403222
458282925
138329991
999609930
953273886
0
507569883
259149281
0
766383916
693235693
247505278
698700599
659502925
827716318
0
250248787
890068791
71738815
550588057
873809183
476614717
110411174
988984795
290745973
486388591
616800364
766383916
646312976
214061873
868865510
0
920990415
405339452
522293584
246270774
716155246
759293768
45839128
587308649
898207888
857627840
271173414
20123455
256461385
74391641
186368114
565251736
761158738
721943307
531392937
0
736607136
0
0
24296706
868865510
823712710
856906447
521251302
188732248
0
45839128
524034064
240097824
729283896
767410908
377469447
233568706
671288618
0
370298053
437480275
404802374
344538952
0
730970962
877245412
821440731
288141662
470395340
740980060
947053512
995293736
572427744
950726319
0
0
796284012
476465669
797250996
323122560
0
950582592
815524213
721707803
314997308
304357329
164687298
797730057
71285398
675306816
884961066
105231641
998336219
350177461
518468967
420990820
0
27335488
950593292
918211529
692945899
353419865
249919940
5902089
353448449
756876350
156111778
528768156
0
726896553
990180765
224913953
40970904
257148253
0
361777502
407883772
110482295
621812577
0
163667601
466250121
501328375
64811772
582743034
612093550
785421184
521072268
975625785
383519862
508944037
0
868133437
190995386
249617716
353197762
805239054
929755
597448303
900818287
102643219
173238918
0
139024469
0
0
137345024
0
407004419
290084663
330677917
724302165
950726319
527197017
345596107
613760470
476465669
691535390
234519596
710506842
194512385
244011203
0
209205398
613858336
437480275
911256961
683847624
875867872
816633929
80147926
703934819
892496535
468253794
85789946
125774723
920637269
241779051
38282917
966493219
740894527
118552771
972664102
215178079
752880900
476148895
579688491
980130288
71901947
20827742
185693956
734764976
0
784026514
0
0
720482088
22311125
593537089
264782954
821964264
409365571
444346400
0
911544084
74391641
712044270
0
195727139
0
323294616
484802756
0
205210939
729566757
899687717
980005174
0
447698512
656987167
622246968
94614802
390348849
988984795
567792289
199782802
391422089
384925253
888991316
761797196
59367431
873529046
0
0
0
0
914506268
850235948
133057087
767793620
549386912
0
927999914
890120152
450186903
0
177094767
0
296408067
0
372270367
325144484
391193671
770857094
631837830
850950612
522965604
742255159
68077063
760284472
238023329
337904300
256355772
0
0
706427966
701303224
383225818
0
121366148
498300696
218496945
471430347
686307733
734413988
626056640
227851372
0
730748760
985235263
657071649
0
964442355
0
0
0
0
253859703
0
0
545855224
227011482
302020352
409689915
407004419
854542049
353352430
697142283
604457280
595085269
595936869
0
84423774
756876350
0
884696668
333742875
930286817
0
243922614
386731955
0
61278144
978880374
0
347714060
230081599
483116891
88819749
364578593
265745257
0
0
184992601
948788813
860976848
905749417
994198054
0
170276522
215836373
163729141
240097824
474885717
0
956709924
40970904
682045238
383519862
611064116
988767884
608619226
236836636
236765125
786592568
697355056
0
275575983
336880046
192753183
0
326990109
938816010
207030531
0
557210249
0
27335488
467933234
358349686
479825815
0
859816983
781534991
748419249
0
294536864
2748210
352622485
287128757
989297141
352133959
453150769
370167758
0
313417233
0
714898364
237587851
17022076
0
725188119
297907307
538484088
0
331606795
592834163
880344644
439720859
724050970
488057334
908330165
385078702
252435875
758124673
818931297
658808279
795316823
521993156
331606795
468491509
464996097
0
29164532
81044382
342514869
50560303
0
271589815
390698674
934443200
787321202
488540407
381264386
0
705598429
377469447
0
61434818
249772433
585990675
627688029
604556622
748116044
597448303
194048997
351015959
484608802
827238310
748130055
323875190
387935782
0
757709036
705169519
979911010
809203531
0
0
0
72808760
840311229
264664960
796459955
437217571
195929909
538163243
0
964442355
584814261
81604512
50982034
526061568
574268515
414174121
114351334
256891532
894050833
0
951890915
180099225
236765125
477668994
979438701
0
893192535
544363570
0
0
680991031
374049209
438946965
905749417
252824842
0
177094767
715591909
585592516
1592308
895850107
179750328
95171193
929827412
0
85725536
687248889
0
893164301
380733581
555789928
0
734390299
402557016
14396855
934443200
17139653
985265697
285215024
30216510
348152884
248998103
715770252
218045205
600095450
0
0
297092353
0
299305572
138446827
792149668
336697149
359026888
504391399
0
0
795483405
330415497
479968371
30726842
855314409
296865109
468250117
20160837
938938401
742927214
761797196
450988755
34247452
238594815
189404799
0
0
645603118
70943624
136146580
0
558124857
374356506
680991031
390401008
13149033
886161998
649287452
281918003
643901213
556296791
422658432
382528772
386731955
393688228
463547603
39117894
422120251
0
861436228
0
0
154702898
307876070
819859994
535743549
790675814
0
0
460893555
504262191
652927959
477668994
461723707
854397837
979345197
95605332
103376416
436851888
571325282
52289486
794069083
678162966
666706079
34052567
851548313
323122560
0
249018027
150351763
926269289
0
266050577
411059890
915751200
101494300
70943624
0
697564334
388805847
0
612743962
